1 -0.116260860365 0.0958535112666 0.00129286749839 
2 -0.116260860365 0.0958535112666 0.00129286749839 
3 -0.116260860365 0.0958535112666 0.00129286749839 
4 -0.116260860365 0.0958535112666 0.00129286749839 
5 -0.116260860365 0.0958535112666 0.00129286749839 
6 -0.116260860365 0.0958535112666 0.00129286749839 
7 -0.0225069341677 -0.0383193752054 0.705004197248 
8 -0.116260860365 0.0958535112666 0.00129286749839 
9 -0.116260860365 0.0958535112666 0.00129286749839 
10 -0.044060277156 -0.0298825017097 0.0191871143331 
11 -0.116260860365 0.0958535112666 0.00129286749839 
12 -0.116260860365 0.0958535112666 0.00129286749839 
13 -0.116260860365 0.0958535112666 0.00129286749839 
14 -0.116260860365 0.0958535112666 0.00129286749839 
15 -0.116260860365 0.0958535112666 0.00129286749839 
16 -0.116260860365 0.0958535112666 0.00129286749839 
17 -0.116260860365 0.0958535112666 0.00129286749839 
18 -0.116260860365 0.0958535112666 0.00129286749839 
19 -0.116260860365 0.0958535112666 0.00129286749839 
20 -0.116260860365 0.0958535112666 0.00129286749839 
21 -0.445248125776 -0.542781718539 -0.0468616902074 
22 -0.116260860365 0.0958535112666 0.00129286749839 
23 -0.116260860365 0.0958535112666 0.00129286749839 
24 -0.116260860365 0.0958535112666 0.00129286749839 
25 -0.116260860365 0.0958535112666 0.00129286749839 
26 -0.116260860365 0.0958535112666 0.00129286749839 
27 -0.044060277156 -0.0298825017097 0.0191871143331 
28 -0.116260860365 0.0958535112666 0.00129286749839 
29 -0.116260860365 0.0958535112666 0.00129286749839 
30 -0.0225069341677 -0.0383193752054 0.705004197248 
31 -0.116260860365 0.0958535112666 0.00129286749839 
32 -0.116260860365 0.0958535112666 0.00129286749839 
33 -0.044060277156 -0.0298825017097 0.0191871143331 
34 -0.116260860365 0.0958535112666 0.00129286749839 
35 -0.116260860365 0.0958535112666 0.00129286749839 
36 -0.116260860365 0.0958535112666 0.00129286749839 
37 -0.116260860365 0.0958535112666 0.00129286749839 
38 -0.116260860365 0.0958535112666 0.00129286749839 
39 -0.116260860365 0.0958535112666 0.00129286749839 
40 -0.044060277156 -0.0298825017097 0.0191871143331 
41 -0.116260860365 0.0958535112666 0.00129286749839 
42 -0.116260860365 0.0958535112666 0.00129286749839 
43 -0.116260860365 0.0958535112666 0.00129286749839 
44 -0.445248125776 -0.542781718539 -0.0468616902074 
45 -0.116260860365 0.0958535112666 0.00129286749839 
46 -0.116260860365 0.0958535112666 0.00129286749839 
47 -0.116260860365 0.0958535112666 0.00129286749839 
48 -0.116260860365 0.0958535112666 0.00129286749839 
49 -0.116260860365 0.0958535112666 0.00129286749839 
50 -0.116260860365 0.0958535112666 0.00129286749839 
51 -0.116260860365 0.0958535112666 0.00129286749839 
52 -0.116260860365 0.0958535112666 0.00129286749839 
