0 1
0 2
0 3
0 4
0 8
0 11
0 13
0 14
0 21
0 23
0 34
0 35
0 36
0 44
0 47
0 52
0 60
0 65
0 71
0 75
0 78
0 80
0 86
0 87
0 91
0 97
0 109
0 123
0 126
0 128
0 153
0 164
0 165
0 173
0 174
0 191
0 198
0 202
0 214
0 232
0 234
0 236
0 246
0 247
0 270
0 276
0 281
0 282
0 288
0 295
0 297
0 305
0 306
0 311
0 326
0 331
0 344
0 365
0 372
0 385
0 412
0 416
0 569
0 576
0 599
0 615
0 662
0 672
0 695
0 696
0 786
0 818
0 844
0 852
0 858
0 922
0 965
0 975
0 976
0 985
0 987
0 990
0 991
0 999
1 2
1 4
1 5
1 7
1 8
1 9
1 10
1 12
1 19
1 20
1 21
1 25
1 30
1 31
1 40
1 88
1 119
1 121
1 160
1 169
1 178
1 195
1 201
1 202
1 209
1 210
1 220
1 263
1 268
1 273
1 275
1 276
1 280
1 283
1 295
1 300
1 320
1 326
1 349
1 361
1 367
1 370
1 373
1 397
1 407
1 452
1 499
1 500
1 518
1 539
1 554
1 560
1 614
1 617
1 627
1 645
1 710
1 714
1 737
1 746
1 761
1 767
1 788
1 801
1 812
1 821
1 827
1 866
1 872
1 909
1 912
1 919
1 920
1 932
1 942
2 3
2 5
2 15
2 18
2 20
2 23
2 26
2 27
2 48
2 51
2 52
2 55
2 76
2 109
2 117
2 119
2 120
2 123
2 132
2 144
2 161
2 210
2 223
2 226
2 228
2 235
2 269
2 284
2 291
2 340
2 360
2 403
2 404
2 408
2 417
2 457
2 472
2 534
2 560
2 566
2 568
2 577
2 609
2 644
2 695
2 700
2 704
2 726
2 772
2 806
2 875
2 883
2 884
2 903
2 931
2 968
2 977
3 6
3 16
3 19
3 25
3 27
3 28
3 31
3 37
3 40
3 51
3 69
3 98
3 130
3 140
3 154
3 158
3 180
3 200
3 217
3 237
3 245
3 257
3 271
3 280
3 284
3 298
3 308
3 317
3 432
3 496
3 532
3 565
3 611
3 616
3 640
3 750
3 861
3 864
3 866
3 896
3 960
4 7
4 11
4 39
4 58
4 93
4 112
4 121
4 260
4 348
4 364
4 510
4 551
4 666
5 6
5 104
5 116
5 141
5 143
5 212
5 267
5 293
5 633
5 911
6 17
6 211
6 239
6 328
6 334
6 460
6 800
6 867
6 873
6 940
7 9
7 10
7 13
7 17
7 18
7 53
7 56
7 78
7 99
7 105
7 136
7 140
7 141
7 175
7 195
7 234
7 254
7 262
7 272
7 309
7 330
7 347
7 396
7 449
7 452
7 462
7 480
7 484
7 505
7 519
7 540
7 553
7 590
7 595
7 598
7 609
7 631
7 657
7 669
7 677
7 686
7 688
7 701
7 707
7 724
7 751
7 768
7 781
7 808
7 828
7 871
7 916
7 990
8 42
8 70
8 100
8 124
8 136
8 148
8 169
8 212
8 250
8 334
8 474
8 552
8 918
9 14
9 15
9 57
9 61
9 72
9 84
9 86
9 89
9 167
9 170
9 178
9 190
9 194
9 197
9 215
9 233
9 243
9 248
9 266
9 288
9 337
9 572
9 573
9 578
9 657
9 666
9 717
9 760
9 812
9 885
9 901
9 925
9 996
10 12
10 22
10 24
10 32
10 35
10 49
10 50
10 59
10 62
10 68
10 69
10 81
10 90
10 100
10 103
10 105
10 113
10 127
10 145
10 167
10 173
10 177
10 196
10 206
10 226
10 244
10 251
10 256
10 274
10 324
10 325
10 350
10 401
10 429
10 450
10 468
10 476
10 478
10 481
10 485
10 522
10 530
10 620
10 691
10 703
10 710
10 711
10 754
10 834
10 837
10 846
10 898
10 951
11 33
11 49
11 92
11 176
11 205
11 469
11 596
11 805
11 846
12 24
12 44
12 50
12 205
12 215
12 403
12 411
12 542
12 671
12 714
12 871
13 46
13 60
13 82
13 96
13 147
13 163
13 183
13 222
13 300
13 341
13 619
13 653
13 805
14 108
14 339
14 372
14 410
14 557
15 16
15 22
15 47
15 118
15 330
15 399
15 558
15 601
15 744
15 804
15 887
15 946
15 994
16 29
16 138
16 227
16 315
17 29
17 41
17 43
17 57
17 71
17 76
17 160
17 172
17 182
17 231
17 292
17 319
17 321
17 331
17 336
17 359
17 374
17 427
17 447
17 486
17 559
17 582
17 803
17 927
18 30
18 62
18 65
18 132
18 151
18 152
18 192
18 316
18 445
18 685
18 775
18 941
18 992
19 26
19 33
19 73
19 102
19 145
19 171
19 176
19 186
19 191
19 252
19 337
19 345
19 351
19 379
19 393
19 595
19 630
19 773
19 983
20 54
20 117
20 156
20 159
20 229
20 294
20 437
20 460
20 482
20 527
20 600
20 672
20 910
21 58
21 66
21 77
21 91
21 99
21 133
21 150
21 455
21 470
21 504
21 521
21 561
21 679
21 705
21 911
22 28
22 80
22 106
22 120
22 451
22 512
22 842
23 32
23 37
23 45
23 356
23 394
23 430
23 491
23 553
23 771
23 890
24 34
24 43
24 84
24 95
24 454
24 507
24 699
24 766
24 777
26 41
26 42
26 46
26 104
26 125
26 172
26 193
26 225
26 382
26 430
26 508
26 524
26 651
26 761
26 762
26 774
26 852
26 854
26 923
27 38
27 61
27 66
27 74
27 96
27 101
27 113
27 122
27 146
27 162
27 171
27 184
27 241
27 258
27 260
27 342
27 355
27 365
27 376
27 411
27 444
27 473
27 474
27 478
27 504
27 528
27 680
27 722
27 738
27 741
27 860
27 959
27 976
28 368
28 642
28 691
29 38
29 56
29 299
29 357
29 379
29 422
29 637
30 36
30 79
30 95
30 247
30 266
30 287
30 303
30 329
30 459
30 531
30 618
30 720
30 733
31 440
32 856
33 45
33 270
33 713
34 83
34 137
34 217
34 369
34 428
34 515
34 664
34 692
34 807
35 67
35 74
35 103
35 112
35 126
35 149
35 161
35 170
35 187
35 189
35 211
35 327
35 374
35 397
35 434
35 550
35 555
35 626
35 660
35 699
35 708
35 719
35 731
35 755
35 824
35 956
36 39
36 216
36 488
36 497
36 544
36 717
36 879
37 54
37 55
37 90
37 142
37 197
37 261
37 271
37 283
37 373
37 384
37 436
37 483
37 583
37 663
37 683
37 751
37 783
37 865
38 661
38 985
39 63
39 89
39 380
39 391
39 542
39 607
39 962
40 48
40 53
40 181
40 188
40 214
40 348
40 366
40 841
40 847
40 848
40 919
41 213
41 249
42 72
42 79
42 658
42 773
42 776
42 794
42 799
42 819
42 882
43 73
43 163
43 223
43 258
43 313
43 352
43 370
43 470
43 683
43 794
43 797
43 903
44 59
44 88
44 157
44 352
44 367
44 423
44 435
44 439
44 676
44 738
44 786
44 945
45 64
45 102
45 177
45 227
45 263
45 589
45 621
45 797
45 882
46 110
46 201
46 471
46 744
46 956
47 70
47 83
47 150
47 166
47 237
47 287
47 304
47 413
47 704
48 64
48 85
48 93
48 125
48 129
48 203
48 301
48 302
48 475
48 613
48 739
48 789
48 932
48 933
48 961
49 101
49 332
49 808
49 868
50 137
50 203
50 230
50 236
50 273
50 312
50 336
50 431
50 442
50 447
50 466
50 469
50 582
50 597
50 640
50 668
50 673
50 750
50 795
50 804
50 815
50 863
50 909
51 619
51 865
52 67
52 147
52 506
52 581
53 229
53 749
53 829
53 944
54 75
54 184
54 238
54 438
54 461
54 522
54 617
54 647
54 665
54 802
54 935
54 986
55 241
55 309
55 396
55 425
55 573
56 321
56 715
57 139
57 183
57 194
57 351
57 467
57 523
57 612
57 913
57 974
57 984
58 187
58 730
58 979
59 277
59 427
60 63
60 228
60 246
60 285
60 307
60 375
60 420
60 494
60 864
60 873
61 127
61 134
61 245
61 294
61 423
61 433
61 484
61 656
61 684
62 823
63 817
63 900
64 139
64 255
64 874
65 77
65 108
65 115
65 414
66 166
66 192
66 243
66 308
66 438
66 439
66 581
66 694
66 888
67 68
67 82
67 107
67 111
67 116
67 155
67 262
67 451
67 630
67 686
67 833
67 889
68 134
68 235
68 567
68 760
68 939
69 393
70 85
70 94
70 97
70 110
70 131
70 240
70 250
70 252
70 267
70 556
70 615
70 620
70 734
70 758
70 973
70 995
71 196
71 218
71 415
71 486
71 505
71 513
72 98
73 128
73 627
73 731
73 982
73 983
74 107
74 130
74 181
74 545
74 647
74 947
75 114
75 133
75 168
75 175
75 199
75 222
75 224
75 251
75 310
75 322
75 327
75 509
75 590
75 602
75 603
75 628
75 769
76 81
76 87
76 165
76 219
76 279
76 298
76 528
76 549
76 651
76 706
76 729
76 762
76 809
76 810
76 954
77 472
78 106
78 392
79 135
79 152
80 154
80 345
80 904
81 944
82 131
82 253
82 511
82 638
82 755
83 248
83 924
84 218
85 363
85 537
86 157
86 180
86 445
86 480
86 532
86 589
87 206
87 256
87 338
87 412
87 649
87 765
87 929
89 94
89 111
89 129
89 143
89 501
90 254
90 353
90 388
90 610
90 661
90 817
91 92
91 409
91 736
91 901
93 115
93 188
96 114
96 124
96 153
96 155
96 304
96 503
96 849
97 775
99 261
99 264
99 392
99 467
100 213
100 278
100 292
100 322
100 456
100 681
100 746
100 936
101 179
101 200
101 414
101 753
101 880
102 221
102 323
102 547
102 770
102 907
103 122
103 174
103 204
103 391
103 421
103 426
103 518
103 659
103 736
103 876
103 891
103 995
104 142
104 485
104 578
104 855
105 795
107 674
107 857
109 603
110 233
110 728
111 144
111 159
111 856
112 156
112 568
112 813
113 164
113 208
113 242
113 249
113 257
113 377
113 390
113 538
113 556
113 579
113 675
113 716
113 825
113 884
113 925
114 265
114 275
114 999
115 146
115 274
115 364
115 443
115 850
115 914
116 118
116 289
116 624
117 296
117 441
117 740
117 814
117 965
117 972
118 224
118 492
119 189
119 221
119 238
119 290
119 353
119 386
119 621
119 836
120 179
120 343
120 979
121 138
121 199
121 679
121 997
122 285
123 350
123 546
123 623
123 625
123 961
124 193
124 998
125 564
125 747
125 899
126 135
126 190
126 562
126 707
127 151
127 185
127 216
127 259
127 563
127 754
127 938
128 182
128 207
128 531
129 279
129 790
130 289
130 463
130 489
131 302
131 446
131 674
132 685
133 149
133 198
134 207
134 784
134 832
135 432
135 481
135 870
136 186
136 645
136 851
137 341
137 383
137 395
137 400
137 449
137 633
137 742
137 825
137 895
138 325
139 265
139 333
139 497
139 637
139 712
139 839
140 597
141 577
142 377
142 537
142 720
143 696
143 897
144 592
144 819
145 148
145 378
145 479
145 535
145 671
146 380
146 689
147 204
147 371
147 601
147 715
147 862
147 878
147 931
148 329
148 541
148 604
148 676
148 814
149 158
149 162
149 168
149 366
149 448
149 520
149 616
149 700
150 358
150 428
150 613
150 886
150 915
151 638
152 743
153 286
153 496
154 297
154 343
154 493
154 591
154 745
155 843
156 264
156 319
156 416
156 655
156 688
156 758
156 969
157 185
157 306
157 729
157 921
158 208
158 381
159 219
159 239
159 357
159 476
159 487
160 259
161 209
161 232
161 424
161 440
161 455
161 465
161 483
161 512
161 625
161 906
161 928
161 980
162 312
163 464
163 565
165 335
165 796
167 387
169 583
170 926
171 459
173 756
174 328
174 354
174 409
174 682
175 653
176 277
176 461
176 841
176 899
177 524
178 593
179 344
179 387
179 413
179 614
179 916
179 917
180 347
180 502
180 735
180 881
180 948
182 549
183 296
183 561
183 971
184 525
185 840
185 894
186 318
186 521
186 663
187 242
187 310
187 780
189 540
189 557
189 664
189 708
189 963
189 988
191 220
191 513
192 225
192 998
193 883
194 268
194 378
194 443
195 539
195 941
197 314
197 763
198 388
199 527
200 503
201 687
203 230
205 876
207 488
207 605
208 466
208 546
208 706
209 305
209 586
209 728
209 966
212 240
213 435
213 934
214 290
214 426
214 772
214 966
216 269
216 806
217 408
217 723
218 253
218 369
218 533
219 314
219 394
219 436
219 493
219 793
219 845
219 859
221 335
221 362
222 499
222 662
224 272
224 313
224 635
224 771
224 840
224 912
225 278
225 291
225 507
227 829
228 231
228 299
228 570
230 471
230 869
231 725
232 389
232 437
232 703
233 585
233 677
233 788
233 860
233 881
235 567
235 811
235 837
235 898
236 514
237 927
238 255
238 359
238 642
238 650
238 682
238 697
239 855
242 244
242 315
242 399
242 547
242 596
242 891
243 398
243 554
243 606
245 588
246 453
248 354
248 402
248 477
248 732
248 964
249 624
250 453
250 693
251 303
251 764
251 830
253 494
253 523
253 533
254 281
254 363
254 395
254 678
254 791
254 832
255 361
255 631
255 709
256 376
256 641
258 764
258 803
259 316
259 338
259 543
259 628
260 301
260 362
260 813
260 848
260 858
261 536
262 839
263 311
263 515
263 520
263 669
263 693
263 923
264 307
264 434
264 564
265 659
265 690
265 888
266 572
266 749
267 318
267 398
267 555
267 869
267 948
268 418
268 482
269 324
269 458
270 464
270 490
270 988
272 591
272 973
272 991
273 340
273 576
274 286
274 422
274 632
274 905
274 934
274 964
275 358
276 282
276 618
276 768
277 799
278 648
278 913
278 933
278 967
279 650
279 748
280 346
281 421
281 586
281 800
281 907
282 665
282 902
283 920
286 668
287 418
287 425
287 448
287 477
287 877
287 959
288 500
288 612
288 859
289 323
289 622
290 420
290 921
291 342
291 854
292 293
292 333
292 419
292 489
292 570
292 587
292 711
295 320
297 548
299 492
299 690
299 718
300 473
300 498
300 830
300 900
302 332
302 368
303 648
303 862
304 675
304 681
304 982
305 317
305 517
305 831
307 355
307 457
307 511
307 517
307 673
307 718
308 798
309 562
309 599
309 698
309 725
310 727
313 652
313 737
313 769
315 608
315 739
316 339
317 360
317 495
318 643
321 407
321 429
321 658
323 709
325 516
325 670
325 992
326 406
326 491
326 867
327 346
327 383
327 574
327 915
329 742
329 743
329 896
329 946
330 558
332 415
334 506
334 551
336 529
336 853
339 371
339 400
339 892
340 465
340 516
340 525
340 996
342 349
342 857
344 356
344 389
344 607
344 694
344 726
344 868
345 375
345 441
345 579
345 705
345 757
346 502
347 384
347 450
347 649
347 733
347 807
349 514
349 721
350 780
350 844
351 381
353 417
353 584
354 406
354 879
356 543
356 634
356 945
358 475
358 611
361 468
361 951
364 386
364 487
364 587
364 767
366 401
366 405
368 644
370 385
370 454
370 463
370 550
374 444
375 606
377 433
377 442
377 446
377 886
378 382
378 575
378 684
378 719
378 836
381 593
381 687
382 835
383 390
383 580
383 604
385 402
385 404
385 462
385 530
386 692
390 534
390 820
392 766
393 689
394 594
395 765
396 588
397 605
399 405
400 940
401 584
402 410
403 670
407 712
407 870
408 972
409 955
411 431
411 636
411 660
411 667
411 861
412 538
413 592
414 498
414 822
414 957
416 569
416 820
417 748
418 419
420 509
420 777
421 424
421 566
421 652
421 994
422 495
422 734
424 629
426 571
426 849
430 778
434 541
434 885
435 622
435 678
435 943
437 970
438 793
438 967
439 702
440 548
442 863
444 989
445 456
445 646
445 753
445 818
447 458
447 984
448 575
449 526
451 759
451 792
453 508
453 580
453 821
456 701
457 826
458 563
458 810
458 816
458 952
459 594
460 501
461 713
464 610
467 490
468 519
468 757
468 892
468 937
471 975
473 626
475 585
476 545
476 917
476 937
477 479
479 831
480 655
480 796
480 798
481 822
485 544
485 838
487 790
489 598
489 989
491 510
491 774
493 770
495 559
497 697
498 732
500 526
501 877
513 602
513 833
514 552
514 643
514 929
515 954
517 536
517 914
518 574
519 535
519 698
519 942
519 950
522 529
522 722
522 823
529 779
532 654
534 740
535 781
536 978
537 953
538 571
543 785
545 632
546 953
549 827
550 629
555 635
555 641
555 997
556 809
558 608
558 838
559 639
559 654
559 826
560 656
560 680
561 636
564 623
564 646
564 801
564 875
564 977
567 811
567 947
568 747
576 763
576 887
576 958
577 759
578 600
579 908
581 950
592 778
593 702
593 784
595 895
597 639
597 908
597 981
603 958
605 667
605 752
607 847
609 835
611 735
612 741
612 791
622 930
627 787
627 816
628 634
629 974
630 894
633 752
649 789
649 906
657 756
657 889
657 893
658 724
659 993
661 968
662 890
664 721
668 727
670 930
673 957
677 782
679 723
682 850
683 939
686 782
686 843
688 730
688 926
688 981
693 783
693 952
697 949
700 792
701 904
703 993
705 905
710 716
710 928
711 824
715 970
731 779
731 878
734 815
737 745
740 922
745 785
745 851
745 902
745 943
757 828
763 787
766 776
768 845
774 936
778 918
781 834
786 874
791 802
794 987
807 897
808 880
818 963
823 842
825 960
826 938
841 935
841 949
849 853
849 893
871 872
882 986
892 910
896 924
905 969
917 955
956 971
957 962
959 978
973 980
