0 1
0 2
0 3
0 4
0 19
0 30
0 46
0 62
0 64
0 66
0 67
0 75
0 88
0 111
0 143
0 177
0 203
0 216
0 283
0 289
0 292
0 321
0 345
0 353
0 386
0 387
0 413
0 414
0 417
0 435
0 466
0 501
0 560
0 590
0 605
0 703
0 779
0 784
0 785
0 823
0 830
0 834
0 843
0 879
0 919
0 978
0 1005
0 1034
0 1053
0 1069
0 1101
0 1113
0 1214
0 1227
0 1274
0 1321
0 1343
0 1395
0 1470
0 1585
0 1591
0 1610
0 1641
0 1689
0 2001
0 2056
0 2117
0 2186
0 2274
0 2584
0 2672
0 2679
0 2681
0 3004
0 3028
0 3046
0 3182
0 3283
0 3334
0 3478
0 3491
0 3673
0 3784
0 3806
0 3875
0 3907
0 3969
0 3977
0 4242
0 4382
0 4509
0 4643
0 4650
0 4722
0 4735
0 4812
1 2
1 5
1 6
1 9
1 10
1 11
1 18
1 19
1 29
1 32
1 36
1 37
1 40
1 47
1 48
1 54
1 63
1 66
1 69
1 77
1 84
1 89
1 96
1 98
1 111
1 141
1 155
1 193
1 197
1 227
1 237
1 250
1 258
1 290
1 377
1 393
1 402
1 479
1 495
1 536
1 577
1 604
1 648
1 731
1 814
1 836
1 918
1 962
1 1019
1 1045
1 1087
1 1107
1 1133
1 1154
1 1162
1 1169
1 1195
1 1416
1 1431
1 1440
1 1455
1 1603
1 1645
1 1670
1 1717
1 1803
1 1891
1 1907
1 1937
1 1967
1 1995
1 2022
1 2035
1 2066
1 2253
1 2260
1 2303
1 2313
1 2337
1 2538
1 2598
1 2666
1 2668
1 2746
1 2859
1 2892
1 2919
1 2939
1 3098
1 3180
1 3188
1 3227
1 3403
1 3411
1 3492
1 3569
1 3667
1 3852
1 3884
1 4023
1 4138
1 4182
1 4272
1 4302
1 4341
1 4353
1 4391
1 4484
1 4695
1 4721
1 4742
1 4748
1 4767
1 4875
2 3
2 4
2 14
2 16
2 17
2 18
2 39
2 52
2 70
2 71
2 104
2 106
2 124
2 147
2 150
2 165
2 288
2 293
2 300
2 307
2 318
2 360
2 372
2 389
2 394
2 403
2 661
2 727
2 736
2 761
2 821
2 863
2 905
2 910
2 998
2 1197
2 1223
2 1249
2 1353
2 1363
2 1365
2 1398
2 1541
2 1616
2 1796
2 1809
2 1972
2 2343
2 2501
2 2555
2 2570
2 2581
2 2633
2 2649
2 2678
2 2760
2 2767
2 3006
2 3017
2 3392
2 3874
2 4211
2 4274
2 4280
2 4299
2 4627
2 4655
2 4817
2 4833
2 4939
2 4949
2 4989
3 5
3 8
3 9
3 14
3 16
3 23
3 27
3 33
3 50
3 53
3 57
3 60
3 61
3 80
3 83
3 87
3 88
3 113
3 158
3 161
3 162
3 184
3 302
3 308
3 310
3 323
3 328
3 380
3 499
3 523
3 555
3 591
3 643
3 721
3 810
3 883
3 947
3 996
3 1009
3 1042
3 1052
3 1091
3 1117
3 1148
3 1175
3 1206
3 1363
3 1393
3 1477
3 1619
3 1639
3 1643
3 1677
3 1678
3 1680
3 1686
3 1707
3 1748
3 1776
3 1923
3 2025
3 2153
3 2158
3 2177
3 2180
3 2188
3 2208
3 2353
3 2354
3 2376
3 2419
3 2490
3 2592
3 2866
3 2949
3 3050
3 3104
3 3365
3 3529
3 3604
3 3735
3 3844
3 3947
3 4097
3 4115
3 4188
3 4215
3 4369
3 4518
3 4676
3 4756
3 4837
3 4921
3 4932
4 6
4 7
4 12
4 13
4 24
4 36
4 44
4 49
4 55
4 92
4 115
4 128
4 160
4 164
4 199
4 200
4 201
4 235
4 313
4 336
4 339
4 342
4 374
4 383
4 520
4 677
4 682
4 789
4 972
4 1007
4 1172
4 1204
4 1209
4 1213
4 1299
4 1345
4 1374
4 1412
4 1577
4 1608
4 1627
4 1632
4 1686
4 1784
4 1816
4 1817
4 1903
4 2053
4 2446
4 2515
4 2520
4 2640
4 2771
4 2885
4 2910
4 3016
4 3045
4 3049
4 3069
4 3134
4 3214
4 3337
4 3475
4 3493
4 3578
4 3730
4 4040
4 4196
4 4279
4 4289
4 4350
4 4536
4 4543
4 4590
4 4596
4 4599
4 4788
4 4790
4 4882
4 4891
4 4924
4 4988
5 7
5 8
5 12
5 26
5 31
5 40
5 43
5 92
5 100
5 123
5 145
5 228
5 325
5 331
5 416
5 499
5 533
5 538
5 598
5 812
5 1243
5 1588
5 1906
5 1933
5 1953
5 1994
5 2286
5 2365
5 2487
5 2602
5 2637
5 2722
5 2995
5 3278
5 3355
5 3563
5 3805
5 3814
5 4007
5 4943
6 20
6 31
6 117
6 131
6 286
6 363
6 368
6 410
6 441
6 556
6 747
6 828
6 885
6 1166
6 1184
6 1196
6 1206
6 1248
6 1260
6 1353
6 1392
6 1410
6 1435
6 1548
6 1672
6 1722
6 1962
6 2017
6 2192
6 2526
6 2575
6 3215
6 3440
6 4405
6 4477
6 4491
6 4620
6 4703
6 4728
6 4878
6 4982
7 30
7 81
7 107
7 233
7 829
7 855
7 879
7 965
7 1078
7 1179
7 1316
7 1900
7 3327
7 3666
7 4485
8 76
8 93
8 109
8 121
8 175
8 209
8 222
8 301
8 344
8 631
8 635
8 719
8 786
8 798
8 897
8 952
8 1002
8 1138
8 1220
8 1229
8 1367
8 1621
8 1728
8 2114
8 2251
8 2462
8 2777
8 2872
8 2994
8 3015
8 3363
8 3535
8 3706
8 3726
8 3757
8 3879
8 4275
8 4516
8 4600
8 4615
8 4970
9 10
9 11
9 13
9 17
9 21
9 25
9 41
9 57
9 61
9 68
9 72
9 78
9 79
9 109
9 112
9 118
9 119
9 121
9 133
9 141
9 163
9 175
9 176
9 185
9 215
9 221
9 238
9 254
9 260
9 279
9 285
9 288
9 298
9 299
9 315
9 335
9 342
9 355
9 365
9 368
9 395
9 423
9 433
9 450
9 537
9 558
9 563
9 583
9 624
9 627
9 683
9 707
9 732
9 733
9 766
9 783
9 818
9 847
9 868
9 869
9 883
9 967
9 994
9 1028
9 1042
9 1046
9 1058
9 1143
9 1145
9 1156
9 1201
9 1202
9 1236
9 1240
9 1311
9 1368
9 1474
9 1504
9 1517
9 1549
9 1572
9 1607
9 1691
9 1721
9 1753
9 1872
9 1893
9 1895
9 1957
9 1982
9 1987
9 2105
9 2109
9 2132
9 2168
9 2190
9 2252
9 2254
9 2290
9 2340
9 2348
9 2512
9 2579
9 2597
9 2651
9 2750
9 2772
9 2780
9 2820
9 2848
9 2901
9 2924
9 2932
9 2952
9 2963
9 2983
9 2999
9 3081
9 3099
9 3155
9 3198
9 3222
9 3223
9 3291
9 3293
9 3307
9 3359
9 3445
9 3470
9 3488
9 3527
9 3616
9 3758
9 3766
9 3787
9 3802
9 4020
9 4088
9 4170
9 4186
9 4288
9 4316
9 4343
9 4412
9 4448
9 4462
9 4497
9 4510
9 4569
9 4578
9 4635
9 4668
9 4680
9 4874
10 22
10 77
10 178
10 191
10 211
10 233
10 276
10 613
10 853
10 1183
10 1217
10 1288
10 2089
10 2109
10 2161
10 2756
10 3281
10 4465
11 15
11 20
11 38
11 39
11 44
11 83
11 93
11 158
11 201
11 269
11 315
11 456
11 529
11 575
11 614
11 723
11 728
11 914
11 993
11 1266
11 1436
11 1577
11 1602
11 1610
11 1941
11 1992
11 2057
11 2122
11 2828
11 2912
11 3294
11 3295
11 3546
11 3766
11 3771
11 4223
11 4278
11 4325
11 4466
11 4776
11 4858
12 15
12 33
12 241
12 255
12 278
12 316
12 357
12 378
12 909
12 1047
12 1147
12 1527
12 1671
12 1824
12 1914
12 1926
12 1979
12 2076
12 2309
12 2939
12 3154
12 3262
12 3337
12 4000
12 4202
12 4629
12 4636
12 4653
12 4964
13 23
13 35
13 47
13 54
13 96
13 144
13 160
13 266
13 273
13 354
13 370
13 468
13 482
13 492
13 621
13 850
13 1109
13 1319
13 1402
13 1465
13 1468
13 1606
13 1841
13 1957
13 2012
13 2051
13 2073
13 2462
13 2607
13 2783
13 3007
13 3030
13 3123
13 3238
13 3323
13 3348
13 3548
13 3615
13 3647
13 3734
13 4157
13 4174
13 4216
13 4240
13 4245
13 4270
13 4501
13 4700
13 4936
14 24
14 28
14 129
14 134
14 241
14 251
14 268
14 329
14 507
14 554
14 571
14 773
14 956
14 1415
14 1535
14 1583
14 1900
14 2061
14 2141
14 2590
14 2882
14 2988
14 3107
14 3207
14 3427
14 3657
14 3926
14 4391
14 4726
15 37
15 42
15 65
15 85
15 103
15 108
15 422
15 470
15 630
15 1011
15 1949
15 2235
15 2616
15 2904
15 2938
15 3006
15 3427
15 3639
15 4066
15 4572
15 4701
15 4938
16 29
16 32
16 69
16 87
16 94
16 102
16 110
16 154
16 167
16 284
16 337
16 381
16 455
16 473
16 533
16 557
16 597
16 652
16 689
16 809
16 956
16 1098
16 1149
16 1228
16 1329
16 1585
16 1586
16 1664
16 1746
16 1772
16 1829
16 1915
16 2065
16 2441
16 2587
16 3229
16 3331
16 3691
16 3780
16 3866
16 4094
16 4147
16 4190
16 4502
17 35
17 185
17 443
17 489
17 1021
17 1747
17 2354
17 2547
17 3486
17 3868
17 4430
17 4435
17 4586
17 4609
18 28
18 114
18 120
18 287
18 479
18 746
18 1408
18 1423
18 1719
18 1862
18 2289
18 2465
18 2477
18 2925
18 3144
18 3378
18 3444
18 3958
18 4043
18 4441
19 51
19 195
19 926
19 1291
19 2171
19 2217
19 2261
19 2827
19 3987
19 4381
19 4790
20 21
20 22
20 27
20 34
20 50
20 52
20 58
20 64
20 73
20 74
20 80
20 97
20 100
20 101
20 106
20 145
20 157
20 159
20 196
20 240
20 244
20 254
20 261
20 272
20 304
20 333
20 341
20 345
20 363
20 365
20 374
20 396
20 398
20 409
20 431
20 432
20 454
20 560
20 623
20 640
20 666
20 797
20 892
20 907
20 938
20 992
20 1012
20 1073
20 1096
20 1202
20 1279
20 1384
20 1566
20 1579
20 1674
20 1697
20 1717
20 1770
20 1798
20 1883
20 1909
20 1950
20 2039
20 2101
20 2111
20 2124
20 2157
20 2188
20 2200
20 2322
20 2334
20 2341
20 2375
20 2409
20 2442
20 2663
20 2773
20 2822
20 2936
20 3088
20 3091
20 3122
20 3209
20 3253
20 3479
20 3506
20 3518
20 3576
20 3600
20 3631
20 3634
20 3788
20 3827
20 3878
20 4199
20 4263
20 4325
20 4355
20 4480
20 4533
20 4579
20 4606
20 4789
20 4796
20 4841
20 4952
21 26
21 56
21 86
21 99
21 124
21 126
21 127
21 142
21 149
21 159
21 166
21 186
21 222
21 245
21 260
21 318
21 326
21 441
21 492
21 714
21 717
21 792
21 835
21 853
21 969
21 1078
21 1086
21 1191
21 1338
21 1427
21 1587
21 1641
21 1845
21 2030
21 2138
21 2220
21 2263
21 2440
21 2521
21 2540
21 2585
21 2595
21 2693
21 3061
21 3137
21 3280
21 3348
21 3396
21 3424
21 3474
21 3476
21 3573
21 3942
21 3979
21 4438
21 4452
21 4587
21 4728
21 4743
21 4882
22 437
22 634
22 1316
23 42
23 46
23 138
23 236
23 355
23 373
23 452
23 468
23 1084
23 1399
23 1428
23 1751
23 2084
23 2976
23 3504
23 3961
24 25
24 43
24 59
24 79
24 117
24 125
24 143
24 184
24 194
24 236
24 292
24 453
24 645
24 654
24 695
24 763
24 765
24 779
24 802
24 928
24 948
24 958
24 964
24 1104
24 1175
24 1312
24 1352
24 1366
24 1408
24 1477
24 1485
24 1496
24 1523
24 1536
24 1541
24 1638
24 1807
24 1860
24 1998
24 2000
24 2332
24 2726
24 2970
24 3064
24 3299
24 3302
24 3430
24 3486
24 3932
24 4010
24 4267
24 4555
24 4571
24 4614
24 4759
24 4987
24 4990
25 278
25 281
25 366
25 1037
25 1173
25 1230
25 2368
25 3047
25 3943
25 4678
26 90
26 242
26 629
27 425
27 584
27 962
27 2196
28 34
28 45
28 156
28 229
28 385
28 894
28 903
28 1024
28 1131
28 1514
28 3225
28 3675
28 4463
28 4517
28 4961
29 137
29 212
29 234
29 305
29 351
29 762
29 820
29 1120
29 1617
29 2201
29 2470
29 2949
29 3150
29 3507
29 3989
29 4265
29 4628
30 126
30 179
30 198
30 297
30 306
30 444
30 565
30 576
30 675
30 863
30 992
30 1662
30 1835
30 1971
30 2073
30 2139
30 2390
30 2473
30 2687
30 2688
30 2779
30 3462
30 3595
30 4711
30 4905
30 4957
31 85
31 151
31 245
31 656
31 704
31 901
31 919
31 1090
31 1343
31 1431
31 1519
31 1534
31 1922
31 1978
31 2032
31 2413
31 2422
31 2518
31 3517
31 3897
31 4547
31 4831
32 826
32 1030
33 364
33 456
33 526
33 1282
33 3054
33 4901
34 45
34 53
34 55
34 59
34 62
34 171
34 605
34 764
34 774
34 1245
34 1262
34 1369
34 1894
34 2205
34 2265
34 2327
34 2688
34 2982
34 3522
34 3617
35 63
35 101
35 174
35 187
35 223
35 249
35 269
35 322
35 325
35 396
35 421
35 426
35 440
35 489
35 621
35 665
35 669
35 679
35 717
35 777
35 1043
35 1182
35 1191
35 1317
35 1326
35 1495
35 1741
35 1789
35 1983
35 2080
35 2239
35 2261
35 2492
35 2578
35 2607
35 2847
35 2955
35 3188
35 3376
35 3516
35 3532
35 3552
35 3988
35 4220
35 4825
35 4958
36 38
36 58
36 131
36 240
36 253
36 264
36 306
36 338
36 710
36 769
36 770
36 875
36 987
36 1212
36 1237
36 1559
36 1763
36 1847
36 2222
36 2336
36 3130
36 3147
36 3664
36 3669
36 3919
36 4083
36 4411
36 4523
37 91
37 196
37 235
37 248
37 266
37 277
37 580
37 703
37 763
37 1500
37 2564
37 2820
37 2873
37 2919
38 84
38 1093
39 41
39 71
39 188
39 218
39 267
39 316
39 402
39 618
39 889
39 1213
39 3093
39 3217
39 3556
39 4062
39 4124
39 4264
39 4401
39 4655
40 49
40 103
40 136
40 570
40 594
40 710
40 995
40 1080
40 1179
40 1251
40 1605
40 1828
40 1855
40 2778
41 48
41 293
41 592
41 746
41 908
41 984
41 1634
41 1714
41 2230
41 3353
41 3640
41 3958
42 900
42 1319
42 2477
42 3025
43 78
43 1633
43 1929
43 2438
43 3899
43 4150
43 4419
44 68
44 186
44 303
44 414
44 815
44 922
44 955
44 968
44 1092
44 1129
44 1152
44 1157
44 1289
44 1438
44 1536
44 1538
44 1733
44 2544
44 2554
44 2572
44 2636
44 2761
44 3071
44 3227
44 3308
44 3531
44 4137
44 4557
44 4963
45 70
45 112
45 122
45 125
45 309
45 348
45 405
45 517
45 548
45 1066
45 1187
45 1203
45 1224
45 1255
45 1497
45 1555
45 1805
45 1815
45 2112
45 2202
45 2614
45 2638
45 2661
45 2918
45 3397
45 3700
45 3803
45 3848
45 4069
45 4136
45 4176
45 4577
45 4740
45 4748
45 4956
46 51
46 120
46 130
46 161
46 167
46 242
46 450
46 487
46 1028
46 1081
46 1211
46 1681
46 1688
46 1976
46 2821
46 2863
46 3059
46 3301
46 3309
46 3332
46 3436
46 4238
46 4375
46 4650
46 4794
47 372
47 420
47 573
47 884
47 1148
47 1476
47 3182
47 4246
47 4656
48 467
48 480
48 995
48 1097
48 1718
48 2388
48 2784
48 4273
49 90
49 94
49 498
49 663
49 690
49 890
49 1152
49 1956
50 56
50 74
50 261
50 291
50 347
50 358
50 503
50 696
50 772
50 957
50 1030
50 1105
50 1114
50 1223
50 2098
50 2141
50 2315
50 2443
50 2721
50 2794
50 2797
50 2818
50 3005
50 3027
50 3314
50 3606
50 4364
50 4486
50 4490
50 4634
50 4846
51 82
51 984
51 1575
51 4802
52 99
52 220
52 347
52 392
52 972
52 1080
52 2312
52 3340
52 4151
53 107
53 250
53 367
53 430
53 745
53 838
53 899
53 973
53 1204
53 1388
53 1478
53 1812
53 1822
53 1920
53 2002
53 2514
53 2775
53 2941
53 2946
53 3028
53 3457
53 3567
53 4155
53 4236
53 4324
53 4376
53 4929
54 361
54 410
54 1792
54 3334
54 3619
54 4894
55 203
55 348
55 1658
55 1800
55 2047
55 2428
55 3012
55 3509
55 3889
55 4277
56 65
56 67
56 72
56 82
56 104
56 137
56 170
56 180
56 181
56 188
56 209
56 210
56 246
56 273
56 291
56 397
56 507
56 534
56 702
56 716
56 840
56 865
56 924
56 1003
56 1172
56 1311
56 1365
56 1908
56 1916
56 2144
56 2265
56 2297
56 2305
56 2388
56 2398
56 2442
56 2472
56 2654
56 3576
56 3637
56 3686
56 3949
56 4229
56 4693
56 4746
56 4872
56 4945
57 60
57 327
57 438
57 562
57 706
57 776
57 805
57 1241
57 1361
57 2104
57 2642
57 2995
57 4660
57 4714
58 81
58 89
58 139
58 289
58 349
58 424
58 555
58 567
58 664
58 1821
58 2143
58 3465
59 119
59 194
59 330
59 512
59 752
59 800
59 927
59 934
59 2061
59 2484
59 2978
59 3355
59 4352
60 76
60 98
60 183
60 356
60 423
60 616
60 654
60 937
60 945
60 1917
60 2070
60 3089
60 4123
60 4305
61 114
61 154
61 198
61 205
61 207
61 221
61 249
61 257
61 335
61 350
61 405
61 447
61 474
61 566
61 572
61 902
61 997
61 1155
61 1161
61 1302
61 1376
61 1385
61 1406
61 1494
61 1694
61 1723
61 1724
61 1938
61 2249
61 2532
61 2580
61 2725
61 2933
61 2947
61 2971
61 3111
61 3207
61 3297
61 3422
61 3795
61 3911
61 3920
61 4110
61 4167
61 4296
61 4503
61 4617
61 4753
62 75
62 128
62 140
62 146
62 192
62 215
62 564
62 1298
62 1370
62 1464
62 1483
62 1589
62 1740
62 2028
62 3418
62 3530
62 3544
62 3998
62 4028
62 4171
62 4284
62 4455
63 307
63 308
63 462
63 482
63 614
63 705
63 1446
63 1534
63 2286
63 2324
63 2743
63 2925
63 3108
63 3109
63 3220
63 3489
63 3881
63 3992
63 4887
64 73
64 86
64 123
64 136
64 480
64 1147
64 1715
64 2376
64 2510
64 2695
64 3511
64 4381
64 4799
64 4832
65 237
65 448
65 457
65 531
65 559
65 653
65 1466
65 1627
65 1662
65 4038
65 4429
65 4794
66 122
66 378
66 512
66 529
66 1158
66 1873
66 1936
66 2102
66 2120
66 2127
66 3480
67 566
67 921
67 1917
67 2156
67 4156
68 134
68 1323
68 1489
68 3391
68 3678
69 95
69 140
69 165
69 200
69 302
69 370
69 408
69 433
69 493
69 693
69 753
69 807
69 1082
69 1398
69 1545
69 1692
69 1793
69 1895
69 1950
69 2255
69 2357
69 2805
69 2876
69 2913
69 3085
69 3193
69 3267
69 3625
69 3671
69 4179
69 4376
69 4682
70 867
70 1472
70 1713
70 2145
70 4159
71 116
71 129
71 130
71 567
71 891
71 1461
71 1689
71 1801
71 2118
71 3004
71 3986
72 211
72 418
72 446
72 1640
72 1848
72 2193
72 2431
72 3541
72 3639
72 4623
72 4730
73 102
73 144
73 155
73 164
73 243
73 257
73 283
73 476
73 580
73 676
73 754
73 854
73 1015
73 1107
73 1305
73 1395
73 1573
73 1592
73 1791
73 1859
73 2048
73 2130
73 2488
73 2789
73 2800
73 2897
73 2922
73 2990
73 3107
73 3542
73 3657
73 3767
73 3822
73 4256
73 4298
73 4400
73 4404
74 148
74 344
74 459
74 593
74 858
74 929
74 999
74 1260
74 1276
74 2266
74 3172
75 133
75 232
75 267
75 270
75 287
75 328
75 411
75 435
75 439
75 629
75 697
75 730
75 777
75 800
75 842
75 977
75 1016
75 1037
75 1565
75 1665
75 1711
75 2039
75 2596
75 2642
75 2735
75 2890
75 3198
75 3676
75 3708
75 3728
75 3789
75 4233
75 4306
75 4507
75 4549
75 4916
76 149
76 265
76 353
76 357
76 534
76 610
76 844
76 1509
76 1704
76 1782
76 1845
76 2008
76 2300
76 2444
76 3369
77 115
77 204
77 401
77 427
77 549
77 1083
77 1400
77 1683
77 1818
77 2453
77 3259
77 3560
77 4207
77 4482
77 4966
78 91
78 105
78 180
78 197
78 248
78 280
78 317
78 346
78 397
78 432
78 454
78 525
78 700
78 742
78 1065
78 1291
78 1385
78 1498
78 1654
78 1696
78 2151
78 2281
78 2330
78 2381
78 2581
78 2657
78 2746
78 2749
78 4352
78 4595
79 429
79 784
79 813
79 1013
79 1020
79 1374
79 2215
79 2407
79 2563
79 2583
79 3228
79 4095
79 4810
80 153
80 280
80 1121
80 1128
80 1232
80 1419
80 1629
80 1645
80 2011
80 2118
80 2134
80 2203
80 2673
80 4003
81 182
81 210
81 617
81 628
81 871
81 1245
81 1927
81 1992
81 2217
81 2600
81 3433
81 4697
82 213
82 274
82 366
82 426
82 771
82 832
82 868
82 874
82 933
82 1170
82 1396
82 1532
82 1560
82 1952
82 2019
82 3128
82 3466
82 3505
82 3960
83 162
83 599
83 640
83 886
83 900
83 1077
83 1131
83 1539
83 1681
83 1702
83 2048
83 3300
83 3335
83 3384
84 105
84 202
84 214
84 352
84 377
84 462
84 543
84 622
84 816
84 1222
84 1471
84 1524
84 1818
84 1998
84 2172
84 2481
84 2637
84 2791
84 3210
84 3333
84 3361
84 4233
84 4279
85 118
85 225
85 484
85 540
85 787
85 1038
85 1106
85 1115
85 2086
85 2245
85 2294
85 2406
85 2570
85 2930
85 3088
85 3344
85 4154
85 4198
85 4207
85 4560
85 4702
86 97
86 174
86 190
86 199
86 223
86 234
86 255
86 274
86 282
86 295
86 569
86 637
86 750
86 1058
86 1307
86 1628
86 1754
86 1805
86 1847
86 2115
86 2268
86 2293
86 2410
86 2531
86 2907
86 2977
86 3542
86 3597
86 4167
86 4257
86 4718
87 168
87 226
87 231
87 455
87 1253
87 1428
87 3588
87 4287
88 113
88 135
88 346
88 530
88 729
88 976
88 990
88 1139
88 1198
88 1552
88 1591
88 1691
88 1737
88 1739
88 1920
88 1987
88 2230
88 2231
88 3023
88 3140
88 3522
89 116
89 172
89 195
89 434
89 753
89 759
89 974
89 1007
89 1022
89 1499
89 1875
89 2029
89 2387
89 2801
89 4080
89 4857
90 715
90 1085
91 108
91 147
91 202
91 498
91 678
91 811
91 1460
91 1738
91 2178
91 2895
91 2942
91 3841
91 4129
91 4289
92 522
92 2680
93 230
93 484
93 949
93 1452
93 1889
93 1955
93 2113
93 2318
93 2975
93 3111
93 3257
93 3731
93 4075
93 4268
94 95
94 305
94 1864
94 2554
94 3994
95 178
95 281
95 887
95 895
95 2033
95 2696
95 4772
95 4858
96 177
96 206
96 313
96 451
96 532
96 582
96 650
96 724
96 1303
96 2957
96 3515
96 3636
96 3724
96 4162
97 151
97 152
97 176
97 224
98 214
98 4862
99 228
99 375
99 481
99 708
99 1235
99 1285
99 1547
99 1630
99 2174
99 2184
99 4504
99 4588
99 4688
99 4947
99 4957
100 333
100 2623
100 4976
101 156
101 225
101 409
101 477
101 680
101 1160
101 1611
101 1898
101 2944
101 4734
101 4942
102 173
102 754
102 944
102 1447
102 3710
103 326
103 338
103 416
103 877
103 1432
103 2479
103 2714
103 3439
103 4326
104 670
104 2096
104 2240
104 2599
105 513
105 568
105 3063
106 110
106 213
106 1959
106 2356
107 256
107 634
107 2310
107 3725
107 4277
107 4719
108 169
108 403
108 483
108 508
108 517
108 598
108 733
108 741
108 776
108 932
108 1146
108 1508
108 2358
108 2588
108 2660
108 2824
108 2947
108 3648
108 3931
108 4568
110 252
110 259
110 421
110 473
110 514
110 713
110 745
110 803
110 979
110 1053
110 1205
110 1275
110 1299
110 1340
110 1760
110 1840
110 2161
110 2389
110 2439
110 2749
110 2801
110 2889
110 2973
110 3103
110 3233
110 3338
110 3642
110 4580
110 4702
110 4894
110 4992
111 1218
111 1437
111 1590
111 2297
111 4869
112 259
112 2064
112 2480
112 2850
112 4260
113 127
113 988
113 1335
113 1507
113 1863
113 2508
113 2831
113 3484
113 4465
113 4601
114 148
114 658
114 987
114 1120
114 1208
114 1445
114 1561
114 1638
114 1797
114 1918
114 2201
114 2332
114 2369
114 3219
114 3540
114 3829
114 4360
114 4779
115 322
115 547
115 1258
115 1296
115 1569
115 1596
115 1711
115 3347
115 4282
115 4658
115 4713
116 229
116 958
116 1380
116 1814
116 3628
116 3871
117 206
117 371
117 404
117 720
117 837
117 1568
117 2214
117 3749
118 135
118 217
118 334
118 340
118 343
118 471
118 630
118 657
118 1141
118 1386
118 1533
118 2042
118 2071
118 2135
118 2655
118 2676
118 2696
118 2815
118 3277
118 3318
118 3384
118 3398
118 3939
118 4022
118 4371
118 4473
119 275
119 793
119 1287
120 243
120 502
120 1237
120 1249
120 1614
120 1824
120 2233
120 2793
121 442
121 1124
121 2072
121 2383
121 2562
121 3714
121 3755
121 4631
122 168
122 173
122 207
122 491
122 682
122 953
122 1079
122 1527
122 2561
122 2769
122 4262
123 775
123 1018
123 1026
123 2279
123 2645
124 142
124 146
124 218
124 431
124 832
124 950
124 1048
124 1240
124 2108
124 2629
124 2909
124 3024
124 3425
125 535
125 695
125 873
125 1064
125 1074
125 1242
125 1503
125 1539
125 1600
125 2013
125 2457
125 2514
125 2658
125 2876
125 2938
125 3373
125 3495
125 3518
125 3723
125 3754
125 3881
125 4085
125 4361
125 4370
125 4379
125 4613
125 4652
126 132
126 413
126 2786
127 132
127 183
127 189
127 340
127 624
127 751
127 1336
127 1896
127 2380
127 2441
127 2652
127 2765
127 3162
127 3746
127 3758
128 190
128 579
128 965
128 1095
128 1115
128 1246
128 1980
128 2191
128 2738
128 2950
128 3145
128 3519
129 553
129 732
129 935
129 1335
129 1432
129 1732
129 1866
129 2183
129 2849
129 2927
129 3067
129 3557
130 138
130 323
130 354
130 602
130 831
130 904
130 1162
130 1219
130 1467
130 1543
130 1546
130 1576
130 1657
130 1761
130 1924
130 2007
130 2786
130 2890
130 2909
130 3158
130 3364
130 3415
130 3464
130 3513
130 3526
130 3866
130 3873
130 4734
130 4743
130 4745
131 276
131 907
131 3578
132 152
132 192
132 220
132 296
132 373
132 375
132 380
132 461
132 504
132 558
132 559
132 623
132 686
132 880
132 1072
132 1488
132 1500
132 2339
132 2466
132 2606
132 2742
132 2922
132 3132
132 3217
132 3298
132 3313
132 3918
132 4197
132 4378
132 4397
132 4873
133 401
133 429
133 1044
133 1055
133 1063
133 1163
133 1253
133 1288
133 1624
133 1707
133 2280
133 4630
134 179
134 573
134 850
134 3741
134 4288
134 4558
134 4630
135 171
135 217
135 264
135 888
135 1118
135 1351
135 1443
135 1446
135 1570
135 2814
135 3453
135 4311
136 139
136 166
136 797
136 866
136 3073
136 4068
136 4432
136 4714
137 1348
137 2989
138 331
138 334
138 407
138 641
138 672
138 706
138 1161
138 1515
138 1878
138 2154
138 2329
138 2764
138 3390
138 3473
138 3677
138 3816
138 3996
138 4427
139 150
139 341
139 677
139 1889
139 2669
139 2836
139 2851
139 3826
139 4354
139 4754
140 298
140 790
140 1405
140 1573
140 3936
140 3954
141 440
141 485
141 1126
141 1247
141 3051
142 208
142 239
142 319
142 428
142 971
142 1001
142 1255
142 1257
142 2154
142 2315
142 2698
142 2747
142 2972
142 3124
142 3470
142 3583
142 4029
142 4396
143 379
143 726
143 1304
143 1368
143 2447
144 239
144 502
144 520
144 1017
144 1122
144 1355
144 1946
144 2067
144 2270
144 3626
145 163
145 169
145 172
145 253
145 411
145 638
145 731
145 925
145 1164
145 1609
145 1738
145 2198
145 2395
145 2806
145 2830
145 2928
145 3029
145 3296
145 4253
145 4406
145 4709
145 4733
145 4985
146 398
146 886
146 1180
146 1382
146 1572
146 2298
146 2612
146 3205
146 3349
146 3437
146 4332
146 4724
147 205
147 356
147 925
147 949
147 1054
147 1456
147 1525
147 1594
147 1626
147 1733
147 2059
147 2218
147 2878
147 3045
147 3662
147 3772
147 3794
147 3905
147 3960
147 4104
147 4633
148 157
148 182
148 262
148 359
148 425
148 428
148 557
148 585
148 662
148 711
148 747
148 948
148 969
148 981
148 982
148 1029
148 1096
148 1386
148 1410
148 1685
148 1810
148 1951
148 1952
148 2234
148 2352
148 2542
148 2799
148 2832
148 2894
148 3717
148 3778
148 4085
148 4342
148 4506
148 4604
148 4638
149 153
149 191
149 761
149 1127
149 1134
149 1198
149 1217
149 1833
149 2197
149 2740
149 3369
149 4608
150 271
150 1885
150 2306
150 2445
151 834
151 1297
151 3076
151 3175
152 246
152 314
152 475
152 506
152 600
152 609
152 870
152 947
152 1247
152 1355
152 1854
152 1982
152 2387
152 3108
152 3282
152 3295
152 4275
152 4353
152 4953
153 400
153 804
153 1010
153 1859
153 1961
153 2468
153 2562
153 2767
153 3032
153 3149
153 3200
153 3570
153 3579
153 3867
153 4498
153 4729
153 4969
154 219
154 362
154 2538
154 3744
154 4675
155 268
156 170
156 204
156 942
156 1194
156 1262
156 2458
156 2991
156 3210
157 376
157 3531
158 625
158 1842
158 2601
158 2810
159 282
159 626
159 693
159 1227
159 1411
159 2046
159 3149
159 3752
159 3970
159 4181
159 4467
160 270
160 437
160 908
160 1056
160 1342
160 2710
160 2903
161 1102
161 1921
161 2416
161 2755
161 2961
161 3321
161 4204
162 247
162 332
162 2713
163 262
163 587
163 966
163 1031
163 1451
163 1857
163 1903
163 2137
163 2936
163 4386
164 1753
164 2163
165 613
165 811
165 1047
165 1425
165 1778
165 1958
165 2860
165 3552
165 4992
166 952
166 1033
166 1820
166 2729
166 3516
167 379
167 661
167 934
167 959
167 1618
167 1637
167 1650
167 4047
168 189
168 227
168 349
168 799
168 950
168 1105
168 1314
168 1884
168 2012
168 2647
168 2870
168 3244
168 3389
168 3890
168 4403
169 3899
169 4028
170 295
170 304
170 419
170 1892
170 2330
170 3040
170 3773
170 4824
171 2549
171 4890
172 181
172 193
172 583
172 608
172 1075
172 1581
172 2098
172 2112
172 2204
172 2279
172 2594
172 3910
172 4822
173 290
173 294
173 330
173 515
173 551
173 1100
173 1143
173 1361
173 1404
173 1435
173 2157
173 2304
173 2367
173 2704
173 2737
173 2778
173 3199
173 3350
173 3724
173 3754
173 3817
174 865
174 1010
174 1263
174 3320
175 187
175 297
175 688
175 782
175 861
175 1075
175 1159
175 1441
175 1646
175 2038
175 2175
175 2709
175 2855
175 3512
175 3656
176 417
176 2356
176 2670
176 3393
176 4072
177 258
177 265
177 453
177 913
177 1318
177 1377
177 2003
177 2492
177 4262
178 1264
178 1511
178 2223
178 2504
178 3194
178 3413
178 3779
178 4632
178 4959
179 657
179 3571
180 691
180 1103
181 1766
181 2144
181 3036
181 3816
181 4914
182 216
182 310
182 351
182 671
182 737
182 873
182 4426
183 1320
183 1914
183 2980
183 3114
183 4365
184 1137
184 1261
184 2536
185 513
185 692
185 1216
185 2609
185 4348
186 389
186 458
186 519
186 531
186 668
186 679
186 1157
186 1222
186 2210
186 2449
186 2662
186 2728
186 3156
186 3170
186 4303
186 4460
187 367
187 589
187 1759
187 3058
188 317
188 478
188 595
188 648
188 818
188 1985
188 2033
188 2080
188 2240
188 2520
188 2690
188 2759
188 2827
188 3809
189 3650
190 301
190 1049
190 1587
190 1777
190 2176
190 2236
190 2610
190 3938
190 4012
190 4760
191 324
191 749
191 1310
191 2006
191 2129
191 2985
191 4206
192 570
192 666
192 1242
192 1420
192 1799
192 2615
192 2997
192 4090
193 819
193 835
193 1046
193 1252
193 1582
193 2948
193 3310
193 3706
194 1931
194 3032
195 1525
195 2505
195 4785
196 550
196 902
196 1135
196 1296
196 2781
196 2924
197 321
197 569
197 591
197 619
197 851
197 1009
197 1094
197 1166
197 1178
197 1411
197 1678
197 1890
197 2024
197 2656
197 2736
197 2963
197 3342
197 4091
197 4388
198 219
198 226
198 427
198 625
198 778
198 836
198 878
198 909
198 993
198 1526
198 2335
198 2812
198 3581
198 4239
198 4530
198 4847
199 208
199 961
199 1325
199 2119
199 2456
199 2461
199 3048
199 3468
200 238
200 581
200 594
200 612
200 1359
200 1485
200 2731
200 3145
200 3250
200 3302
200 3306
200 3902
200 4268
200 4708
200 4818
201 490
201 521
201 686
201 1688
202 286
202 294
202 359
202 446
202 607
202 608
202 758
202 930
202 1112
202 1283
202 1523
202 1532
202 1624
202 3615
202 3668
202 3725
202 4372
202 4683
204 212
204 381
205 457
205 3673
206 395
206 445
206 447
206 881
207 279
207 518
207 757
207 1484
207 1821
207 1912
207 2247
207 3251
207 3680
207 4840
208 352
208 439
208 582
208 1221
208 1389
208 2370
208 4273
208 4784
209 251
209 312
209 586
209 702
209 892
209 1023
209 1035
209 1619
209 1648
209 2234
209 2316
209 2437
209 3105
209 3202
209 4126
209 4589
209 4755
210 231
210 496
210 635
210 1136
210 2499
210 3864
210 4598
210 4686
211 478
211 741
211 953
211 1049
211 1626
211 2002
211 4295
211 4766
212 386
212 1387
212 1939
212 2254
212 3163
213 244
213 256
213 277
213 451
213 647
213 688
213 1224
213 1786
213 2134
213 2452
213 2460
213 3755
213 4231
214 224
214 649
214 1210
214 1622
214 3294
214 3461
214 3508
215 309
215 422
215 508
215 509
215 539
215 588
215 596
215 627
215 722
215 774
215 1068
215 1200
215 1313
215 1734
215 1769
215 2628
215 3060
215 3318
215 3935
215 4191
215 4567
216 230
216 572
216 788
216 3485
217 420
217 1232
217 2613
217 4910
218 285
218 392
218 476
218 699
218 769
218 845
218 847
218 910
218 1269
218 1313
218 1334
218 1350
218 1439
218 1545
218 1673
218 1675
218 1679
218 1924
218 2250
218 2966
218 3311
218 3515
218 3855
218 4185
218 4193
218 4635
218 4696
218 4915
218 4922
219 792
219 1360
219 1601
219 1773
219 3263
219 3680
219 3763
220 1430
220 1518
220 2455
221 1427
221 3367
221 3683
221 4515
222 314
222 959
222 1461
222 1597
222 1942
222 2081
222 2308
222 2951
222 3100
222 3406
222 3538
222 3876
223 232
223 263
223 271
223 319
223 384
223 406
223 415
223 465
223 612
223 616
223 620
223 655
223 806
223 869
223 1190
223 1250
223 1271
223 2306
223 2475
223 2622
223 3236
223 3455
223 4067
224 390
224 628
224 767
224 915
224 3920
224 4037
225 3733
226 1083
226 1380
226 1647
226 3607
226 4964
227 247
227 272
227 434
227 516
227 700
227 721
227 773
227 778
227 929
227 1486
227 1673
227 2711
227 3696
227 3959
227 4483
227 4517
228 252
228 662
228 1767
228 1869
228 2096
228 2216
228 2394
228 2585
228 3445
228 3677
228 4550
229 536
229 4187
230 391
230 1636
230 3934
230 4374
230 4556
230 4823
231 639
231 1455
231 1550
231 1634
231 4540
232 263
232 1562
232 2317
232 4059
233 521
233 683
233 860
233 912
233 2548
233 2612
233 3106
233 3405
233 3519
233 4526
234 644
234 1334
234 1777
234 2152
234 3431
234 3678
234 3730
234 4582
235 4981
236 718
236 1308
236 1529
236 1695
236 2074
236 2697
236 2956
236 3574
236 4459
237 659
237 1160
237 1463
237 1486
237 2957
237 3687
237 3802
237 4447
238 787
238 1863
238 2069
238 3582
238 3736
239 312
239 510
239 3076
239 3901
239 3978
240 459
240 505
240 1050
240 1278
240 1635
240 1755
240 2079
240 2498
240 3042
240 3887
240 4731
241 527
241 4828
242 336
242 641
242 846
242 1376
242 1972
242 2082
242 2121
242 2165
242 3000
242 3245
242 3759
242 4828
242 4965
243 672
243 692
243 726
243 842
243 913
243 1052
243 1219
243 1327
243 1406
243 1898
243 2246
243 2386
243 2465
243 2499
243 3282
243 3371
243 3707
243 4389
243 4591
244 332
244 350
244 983
244 1111
244 3104
245 300
245 358
245 1761
245 1788
245 3462
245 4619
246 698
246 1001
246 1123
246 2093
246 3345
246 4923
247 563
247 599
247 655
247 667
247 715
247 1943
247 1994
247 2764
247 2977
247 3061
247 3940
247 4293
248 337
248 415
248 442
248 443
248 977
248 1567
248 1754
248 1834
248 2605
248 3018
248 4889
249 472
249 530
249 2305
250 320
250 1086
250 2110
250 2380
250 2682
250 2793
250 2818
250 2997
250 3066
251 603
251 815
251 4255
252 500
252 527
252 712
252 1323
252 1785
252 2973
252 3218
252 3305
252 4074
253 504
253 3184
253 3838
254 670
254 1092
254 2258
254 2430
254 3311
254 3641
255 2248
256 551
256 577
256 698
256 725
256 980
256 1018
256 1104
256 1846
256 2373
256 2721
256 2760
256 3146
256 3221
256 3489
256 4062
256 4089
256 4601
256 4764
256 4780
256 4854
257 369
257 622
257 804
257 1853
258 585
258 1226
258 2796
258 2807
258 3156
258 3551
259 899
259 2152
259 2959
259 3190
259 4554
260 2108
260 3546
260 4437
260 4469
261 284
261 327
261 767
261 957
261 1051
261 1290
261 2653
261 2706
261 3737
261 4218
261 4232
261 4806
262 539
262 861
263 689
263 1207
263 1281
263 1403
263 1704
263 1901
263 3378
264 595
264 750
264 841
264 1180
264 1396
264 1825
264 2052
264 2291
264 2347
264 2378
264 3164
264 3811
264 4182
264 4422
264 4426
265 275
265 339
265 490
265 981
265 1207
265 1394
265 1674
265 2064
265 2302
265 3191
265 3635
265 4818
267 391
267 407
267 1176
267 1450
267 2237
267 2833
268 408
268 744
268 1056
268 1181
268 1872
268 1916
268 4837
269 364
269 384
269 1216
269 1864
269 2077
269 2182
269 2502
269 2588
269 3871
269 3975
269 4535
271 2531
271 3402
272 485
272 855
272 1061
273 296
273 329
273 388
273 545
273 697
273 786
273 960
273 3138
273 4208
273 4286
274 740
274 1050
274 1460
274 1491
274 2272
274 4361
275 475
275 1392
275 2534
276 497
276 813
276 837
276 918
276 1394
276 2846
276 4429
277 1062
277 1167
277 1438
277 1474
277 1629
277 2040
277 2486
277 3434
277 4081
277 4134
278 303
278 343
278 762
278 768
278 1706
278 1947
278 2619
278 2745
278 2867
278 3407
278 3411
278 3413
278 3424
278 3609
278 3851
278 3987
278 4014
278 4653
279 465
280 1565
280 2325
280 2865
281 1522
282 494
282 941
282 2626
282 4073
282 4637
284 448
284 1795
285 2209
286 669
286 1531
286 2075
286 4665
287 320
287 382
287 486
287 843
287 3328
288 382
288 1905
288 2133
288 2683
288 2932
288 3070
288 3563
288 4373
290 991
290 3716
291 2212
291 4128
291 4204
292 514
292 1000
292 1465
292 1650
292 1765
292 1960
292 2277
292 2500
292 3577
293 387
293 400
293 851
293 1055
293 1097
293 1413
293 1469
293 1475
293 2510
293 3511
293 3572
293 3598
293 3886
293 4405
293 4679
293 4705
293 4831
294 311
294 464
294 1089
294 1210
294 1337
294 1904
294 2244
294 4597
294 4670
294 4973
295 311
295 1188
295 1876
295 2162
296 399
296 471
296 571
296 1897
296 1964
296 2087
296 2259
296 2667
296 4003
297 436
297 736
297 1379
297 1764
297 2204
297 4555
297 4867
298 299
298 1880
298 2537
299 704
299 876
299 973
299 1171
299 1682
299 1702
299 1852
299 2484
299 4304
300 2598
300 3769
301 1825
301 4192
302 807
302 2574
303 430
303 901
303 985
303 1151
303 1675
303 1857
303 1904
303 2054
303 2174
303 2221
303 2411
303 3900
303 4205
304 926
304 1420
305 393
305 493
305 541
305 553
305 968
305 1584
305 1880
305 2374
305 2699
305 4048
306 524
306 568
306 1699
306 1934
306 2360
306 3125
306 3333
306 3943
306 4458
306 4519
306 4780
307 3727
307 4169
308 460
308 780
308 859
308 866
308 1108
308 1490
308 1648
308 2044
308 2517
308 2671
308 2751
308 3179
308 4800
308 4929
309 1844
309 1913
309 2731
309 2836
309 3080
309 3773
309 4145
310 748
310 852
310 1849
310 3419
311 1892
311 2167
311 3019
311 3442
312 491
312 518
312 1034
312 1188
312 1346
312 1382
312 1666
312 2164
312 2929
312 3256
312 4116
312 4755
313 360
313 406
313 824
313 911
313 1073
313 1419
313 2008
313 2676
313 2935
313 3113
313 3153
313 3798
313 4169
313 4331
313 4385
313 4738
313 4986
314 528
314 3039
314 3119
315 388
315 496
315 546
315 601
315 611
315 870
315 988
315 1295
315 1306
315 1653
315 2146
315 2226
315 2539
315 2832
315 3579
315 3614
315 4807
315 4892
316 371
316 561
316 678
316 2743
316 4127
317 1008
317 1791
318 532
319 574
319 579
319 743
319 1021
319 4528
320 1390
321 324
321 361
321 954
321 1039
321 1185
321 1453
321 1506
321 1569
321 1771
321 2068
321 2223
321 2481
321 2732
321 3169
321 3283
321 3656
321 4039
321 4127
321 4833
322 376
322 714
322 848
322 894
322 1254
322 1337
322 1381
322 1483
322 1642
322 1977
322 3232
322 3263
322 3932
322 4310
322 4774
323 653
323 742
323 887
323 971
323 1347
323 2651
323 3115
323 3514
323 4015
324 369
324 1006
324 1239
324 1809
324 3199
324 4839
325 362
325 461
325 488
325 554
325 1060
325 4963
326 385
326 617
326 1122
326 3256
326 3366
327 618
327 1571
327 3844
328 3500
328 3905
328 4951
328 4962
329 639
330 935
330 1257
330 3798
330 4878
331 449
331 458
331 525
331 705
331 1294
331 1302
331 1341
331 1387
331 1492
331 1510
331 2159
331 2550
331 3498
331 3559
332 642
332 1063
332 1142
332 1357
332 1877
332 2395
332 3174
332 4830
333 1479
333 1856
333 2031
333 2227
333 2399
333 3971
333 4111
333 4149
334 1423
334 1991
334 2811
334 3038
334 3853
334 4829
335 668
335 794
335 1284
335 2953
335 3461
335 3467
335 4637
335 4680
336 976
336 3649
337 542
337 3685
337 4231
338 1700
338 1752
338 2429
339 424
339 631
339 833
339 3944
339 4213
341 1070
341 1602
341 2591
341 3165
342 470
342 505
342 637
342 1808
342 1930
342 2417
342 2589
342 2619
342 3161
342 3984
343 709
343 4051
343 4368
344 803
344 1017
344 1331
344 1494
344 2150
344 3309
344 3823
346 632
346 975
346 1205
346 1954
346 2931
347 494
347 495
347 1003
347 1014
347 1088
347 1091
347 1559
347 1563
347 1613
347 1621
347 1907
347 2412
347 2689
347 4009
347 4203
347 4271
348 1134
348 1194
348 1233
348 2474
348 2853
348 2991
348 3093
348 3408
348 3555
348 4754
348 4767
349 2705
349 3454
349 4724
350 2124
350 2207
350 3072
350 3409
351 1660
352 1966
352 2719
353 1959
353 2021
353 2842
353 4259
354 1101
354 1297
354 1352
354 1452
354 1690
354 2539
354 3672
354 4018
354 4086
354 4908
355 812
355 1165
355 1968
355 2041
355 3211
355 4581
356 1149
356 1281
356 1504
356 3744
357 524
357 1268
357 2349
357 2391
357 2663
357 3312
357 3825
357 4124
357 4183
357 4251
358 586
358 701
358 1286
358 1444
358 1949
358 2586
358 3052
358 3185
358 3910
358 4340
359 2272
360 604
360 674
360 737
360 1048
360 1267
360 1273
360 2015
360 2086
360 2130
360 2219
360 2591
360 2740
360 2787
360 2871
360 4602
361 526
361 1268
361 4500
362 1388
362 4006
363 709
363 1077
363 1272
363 4359
364 436
364 2382
364 4249
365 2029
365 2512
366 452
366 897
366 1252
366 2148
366 2299
366 2391
366 3669
366 4808
367 3209
367 3446
368 503
368 1199
368 3155
369 463
370 3094
371 390
371 399
371 438
371 467
371 644
371 970
371 1085
371 1424
371 1709
371 1836
371 3044
371 3620
371 3686
371 4408
372 383
372 578
372 1032
372 2284
372 4344
372 4896
372 4990
373 486
374 418
374 659
374 990
374 1123
374 1130
374 1430
374 1758
374 1981
374 2422
374 2891
374 3268
374 3288
374 4768
374 4861
375 528
375 685
375 1144
375 1150
375 2014
375 4021
376 684
376 2367
376 2534
376 3133
376 3991
377 600
377 3396
377 3863
378 4453
379 574
379 674
379 857
379 867
379 889
379 912
379 920
379 931
379 1220
379 1378
379 1705
379 1762
379 1775
379 2078
380 445
380 474
380 739
380 760
380 1128
380 1852
380 1902
380 4267
381 650
381 943
381 1459
381 1520
381 1616
381 2243
381 2803
381 3568
382 626
382 790
382 3255
382 3312
382 3409
383 394
383 871
383 2469
383 4838
384 590
384 2420
385 4198
386 412
386 581
386 1851
386 2894
386 3554
386 4436
386 4515
386 4669
387 538
387 906
387 1015
387 1248
387 1834
387 2296
387 2886
387 3226
387 3261
387 3357
387 4125
387 4685
387 4873
388 561
389 2546
389 3961
389 4531
390 740
390 3315
390 3694
390 3843
391 941
391 1769
391 1995
391 2051
391 2055
391 2072
391 2182
391 2915
391 4779
391 4921
392 2167
392 2975
392 4884
393 404
393 412
393 1605
393 1632
393 2506
393 2835
393 3065
393 3095
393 3395
394 522
394 1535
394 1637
394 1893
394 2690
394 2987
394 3169
394 4351
395 759
395 848
395 1261
395 4040
395 4077
395 4320
396 523
396 1177
396 4341
397 469
397 849
397 938
397 1153
397 1652
397 2004
397 2276
397 2453
397 2709
397 2803
397 3520
397 4034
397 4842
398 4715
400 2258
400 2689
401 1035
401 2522
401 3342
401 4140
402 827
402 839
402 1020
402 1301
402 2034
402 2110
402 2700
402 2751
403 593
403 1869
403 1929
403 3452
404 449
404 509
404 515
404 519
404 1043
404 3192
404 4016
404 4026
405 477
405 3672
406 1228
406 1468
406 2284
406 4433
407 3003
408 757
408 893
408 4385
409 544
409 547
409 970
409 1119
409 1304
409 1970
409 3443
409 4539
409 4540
411 419
411 466
411 2880
411 3410
411 4237
412 488
412 825
412 1373
412 1464
413 460
413 1919
413 2601
413 3096
413 3488
413 4109
414 2278
414 2335
415 960
415 4179
415 4398
416 2010
417 1705
417 1781
417 3596
417 4281
419 1151
419 1384
419 1819
419 1956
419 2560
419 3304
419 4078
420 469
420 822
420 856
420 3094
420 3861
420 4414
420 4687
420 4890
421 556
421 1871
421 2049
422 501
422 966
422 1203
422 2107
422 3116
423 766
423 946
423 1132
423 1470
423 1810
423 2019
423 3105
423 3927
424 575
424 3103
424 3538
425 1409
425 1996
425 2856
425 3783
426 481
426 545
426 552
426 596
426 768
426 1807
426 1915
426 2491
426 2926
426 4238
426 4319
427 821
427 1065
427 2437
427 2775
428 562
428 1939
428 2905
428 4417
428 4941
429 796
429 1633
429 2040
429 2916
429 2994
429 3493
429 3655
429 4137
430 511
430 755
430 1081
430 1312
430 1651
430 1928
430 1984
430 4016
430 4197
430 4739
430 4809
431 472
431 1986
431 3265
432 511
432 565
432 667
432 1703
432 2187
432 2401
432 2608
432 2725
432 2788
432 2884
432 2931
432 3035
432 3087
432 3468
432 3880
432 4185
433 633
433 3130
433 3437
433 4824
434 3013
435 464
435 1580
435 2095
435 3190
435 4830
436 673
436 4625
437 1968
437 2571
437 3238
439 681
439 770
439 814
439 841
439 2664
439 3062
439 3453
439 3606
439 4013
439 4460
439 4674
439 4961
439 4979
440 506
440 690
440 1110
440 1174
440 1328
440 2726
440 3959
440 4991
441 3760
442 4681
443 444
443 675
443 810
443 822
443 1270
443 1290
443 2231
443 2476
443 2758
443 3665
443 3946
443 4959
443 4997
444 535
444 649
444 1309
444 1437
444 1487
444 1561
444 2814
444 2848
444 2857
444 4002
444 4875
445 543
445 1407
445 1781
445 2049
445 2921
445 3836
445 4906
445 4955
446 463
446 564
446 592
446 620
446 917
446 2929
447 936
447 1434
447 2603
448 1095
448 1225
448 1726
448 1743
448 2867
450 1701
450 1884
450 2508
450 2606
450 4314
451 687
451 727
451 840
451 1481
451 1930
451 3020
451 3484
451 3876
451 4430
452 542
452 696
452 724
452 772
452 833
452 986
452 1019
452 1059
452 1071
452 1233
452 1278
452 1286
452 1425
452 1458
452 2253
452 2312
452 2427
452 2567
452 2639
453 1676
453 1888
453 3768
453 4820
454 589
454 817
454 1567
454 1613
454 3810
454 4747
455 633
455 1135
455 1568
455 1669
455 1743
455 2216
455 3341
456 487
456 809
456 1079
456 1270
456 2482
456 2518
456 3425
457 1266
457 3404
458 1333
458 1599
458 1636
458 1875
458 2100
458 2176
458 2195
458 2325
458 2454
458 3574
458 4083
459 685
459 1666
459 1814
459 2349
459 2361
459 2476
459 3089
460 646
460 694
460 1752
460 1779
460 3589
460 3842
460 4226
460 4862
460 4952
461 636
461 739
461 838
461 2083
461 2808
462 680
462 1309
462 1344
462 1690
462 1996
462 2213
462 2641
462 2855
462 4009
462 4118
462 4421
462 4761
463 911
463 2852
463 3184
463 3691
464 1012
464 1040
464 1556
464 2792
464 4360
464 4368
465 1011
465 3985
465 4139
466 999
466 1273
466 1737
466 2418
466 3273
467 862
469 619
469 895
469 4263
470 898
470 2592
472 2043
472 3139
472 3236
473 1630
473 2067
473 2717
473 3862
473 4542
474 548
474 606
474 884
474 1381
474 2250
474 2892
474 3040
474 3258
474 3583
474 3896
474 4065
474 4457
475 1200
475 1862
475 1899
475 1943
475 1945
475 2435
475 2493
475 2868
475 3091
475 3368
475 3611
475 3964
475 4373
476 4219
477 632
477 793
477 1324
477 2488
477 4013
477 4477
478 967
478 2148
478 2557
478 2959
478 3287
478 4478
478 4676
479 2050
480 749
480 1375
480 2739
481 827
481 2116
482 483
482 550
482 660
482 852
482 1230
482 1371
482 1615
482 1697
482 2473
482 2879
482 3079
482 4561
482 4943
482 4948
483 3053
483 4415
484 1292
484 2646
484 3290
484 4274
484 4909
485 701
486 497
486 541
486 611
486 939
486 1002
486 1137
486 1811
486 2084
486 2526
486 3009
486 3375
486 3500
486 3507
486 4527
486 4876
486 4947
487 2088
487 3055
487 3241
487 4626
488 500
488 646
488 656
488 872
488 888
488 1492
488 1552
488 2163
488 2233
488 2907
488 3193
488 3194
488 3344
488 3981
488 4029
488 4039
488 4529
488 4781
489 2193
489 4042
490 684
490 771
490 1113
490 1141
490 1512
490 1703
490 1732
491 603
491 1484
491 2511
491 3857
491 4402
492 544
492 711
492 849
492 4996
493 607
493 1882
493 4214
494 723
494 1615
494 2935
494 4175
494 4789
495 725
495 752
495 1712
495 3598
498 1715
499 989
499 1938
499 2471
500 552
500 782
500 1071
500 4134
501 588
501 859
501 2497
502 537
502 722
502 1401
502 1608
502 2237
502 2319
502 4344
504 516
504 738
504 1106
504 2879
504 3909
504 4570
505 1757
505 2122
506 1153
506 1409
506 2556
507 729
507 756
507 796
507 817
507 878
507 1031
507 1346
507 1448
507 1909
507 2097
507 2111
507 2151
507 2159
507 2433
507 3129
507 3172
507 3699
507 4456
508 2368
509 510
509 4800
510 584
511 2883
512 922
512 4335
513 924
513 1462
513 4461
513 4478
514 1356
514 1442
514 1551
514 1812
514 2232
514 2489
514 3031
514 3112
514 4908
515 540
515 576
515 799
515 1414
515 1935
515 2899
515 3330
516 1099
516 1544
516 1739
516 1826
517 3443
518 785
518 1025
519 738
519 1061
519 2146
519 3345
519 4784
520 985
520 2496
520 3377
520 4771
521 546
521 795
521 839
521 1399
521 1418
521 1685
521 1780
521 3392
521 3463
521 4610
522 791
522 2665
523 1156
523 2156
523 2374
523 4762
524 2923
524 3084
524 4549
525 735
525 743
525 4032
525 4259
525 4900
526 647
526 765
526 1140
526 1256
526 4086
526 4981
527 845
528 2589
528 4646
529 881
529 2571
529 2675
529 4041
530 719
530 937
530 939
530 1108
530 1193
530 1325
530 1571
530 3082
530 3365
530 3957
530 4770
532 1322
532 1462
532 3168
532 3281
532 3575
533 1127
533 1736
533 1899
534 756
534 1208
534 2103
534 2292
534 2416
534 3948
534 4093
534 4176
535 1429
535 1542
535 2677
535 3963
536 974
537 1429
537 2295
537 3339
537 4616
538 549
538 606
538 758
538 1102
538 1110
538 1284
538 1324
538 1599
538 2420
538 2423
538 3127
538 3224
538 3862
539 1136
539 3259
539 3298
539 3703
540 1025
540 1036
540 1265
540 1643
540 2911
541 4239
542 2399
542 3661
543 699
543 1006
543 1241
543 1341
543 1617
543 2014
543 2125
543 2397
543 2978
543 3249
543 3457
543 4152
544 642
544 1520
544 2933
544 3383
544 4130
544 4224
544 4742
545 638
545 1469
546 643
546 687
546 864
546 1551
546 2087
546 2123
546 2425
546 2851
546 3289
546 4053
546 4458
546 4869
547 1163
547 1186
547 1421
549 3827
550 1218
550 2610
550 2678
550 3687
550 3941
551 587
551 636
551 764
551 1109
551 1144
551 1298
551 1553
551 1647
551 1830
551 2624
551 3627
551 3742
552 1775
552 2563
552 3803
552 4156
552 4195
552 4679
552 4757
554 718
554 1566
555 1526
555 2389
555 2464
556 858
556 914
556 1089
556 1318
556 1582
556 1735
556 1846
556 2030
556 2511
556 3285
558 728
558 830
558 2664
558 3126
558 3278
558 3870
558 4393
559 1088
559 1350
559 1555
559 1902
559 1912
559 2128
559 2424
559 2621
559 2809
559 3183
559 3547
559 4822
559 4848
560 2140
560 2469
560 2628
560 3036
560 4246
561 597
561 1173
561 2299
561 2394
561 3077
561 3166
561 4005
562 920
562 1663
562 3643
563 876
563 1235
563 2763
563 3770
563 3935
563 4065
564 1426
564 2738
564 3715
565 601
565 1716
565 2225
565 2674
565 4310
565 4591
565 4905
567 816
567 2888
567 3641
567 4201
568 735
568 1244
568 1349
568 1574
568 3586
569 651
569 744
569 846
569 927
569 1038
569 1882
569 1984
569 2622
569 3562
569 3980
569 4699
570 945
571 676
571 978
571 1277
571 1285
571 1789
571 2037
571 2202
571 2213
571 2345
571 3186
571 3319
571 4672
571 4793
572 602
572 3109
572 4563
573 609
573 1114
573 1556
573 1744
573 3472
575 578
575 3124
575 4616
575 4688
576 664
576 2478
577 3846
577 4298
577 4548
578 872
578 903
578 1117
579 615
579 1426
579 1677
579 2038
580 4911
581 3339
581 4178
582 2864
582 3416
582 4222
583 1348
583 2378
583 4295
583 4811
584 1828
584 1979
584 2783
584 3968
584 4710
586 3877
587 1417
587 4883
588 1138
588 1478
589 665
589 1434
589 1766
589 2203
589 2452
589 2823
590 940
590 2574
591 1225
591 1731
591 2445
592 1287
592 2543
592 3767
592 3883
592 4439
593 610
593 828
593 3444
593 4950
594 1045
595 1305
595 2716
595 3131
596 1072
596 1521
596 1524
596 1596
596 2638
596 2928
596 4532
596 4621
596 4675
597 1133
597 1741
597 2614
597 2825
597 3448
598 1454
598 1823
598 4408
599 3141
599 3237
600 4102
602 1330
603 615
603 982
603 1553
603 2005
603 3014
603 3100
603 3502
603 3727
603 4835
604 788
604 2805
604 3128
604 3573
604 3710
606 652
606 663
606 1269
606 1397
606 2314
606 3719
606 4758
607 1379
607 3183
608 1756
608 3096
608 3877
608 4357
608 4628
609 748
609 1646
609 1989
609 2463
609 2693
609 2943
609 3129
609 3268
609 3746
609 3776
609 4052
609 4586
609 4737
609 4819
610 658
610 716
610 734
610 942
610 1022
610 1051
610 1530
610 1654
610 2168
610 2495
610 4055
611 3985
611 4070
613 691
613 1620
613 3597
613 4253
613 4744
614 645
615 651
615 3521
616 2434
617 712
617 1413
617 3902
617 4164
618 862
618 3633
618 3776
618 4160
618 4573
619 1301
619 1867
620 673
620 2135
622 819
622 994
623 2730
623 3303
623 3420
623 4551
624 795
624 806
624 1314
624 1357
624 2906
624 2934
624 4765
625 3234
626 780
626 781
626 3837
627 734
627 823
627 885
627 931
627 1823
627 1871
627 2126
627 2302
627 4051
627 4449
627 4649
627 4751
627 4866
628 805
628 1651
628 2295
628 2792
628 4130
629 720
629 854
629 2369
630 983
630 1932
630 4168
632 1276
632 1482
632 2513
632 3341
633 1090
634 2016
635 1505
635 4177
636 923
636 1338
636 1878
636 2255
636 3261
637 882
637 1516
637 1840
637 2334
637 2625
638 1881
638 2691
638 3971
639 961
640 1068
642 708
642 963
642 1215
642 2630
642 2772
642 3252
643 2190
644 791
644 856
644 1054
644 1644
644 2160
644 2871
645 1401
645 3586
645 4897
646 1119
646 1531
646 1890
646 2413
646 2620
646 2889
646 3148
646 4673
647 1243
647 3711
648 660
648 3181
649 2618
650 681
650 1332
650 3152
651 671
652 808
652 979
652 1549
652 1713
652 1919
652 1926
652 2094
652 2142
652 2425
652 2428
652 2435
652 4632
653 1412
653 1511
653 1771
653 1975
654 1209
654 1574
654 3705
654 3930
655 1150
655 2083
656 1040
656 1057
656 1594
656 1792
656 2824
656 3797
657 946
657 1550
657 3786
658 751
658 1482
658 2215
658 3399
659 3869
659 4881
661 1192
661 2114
661 2180
661 4332
661 4350
661 4569
661 4576
661 4611
662 4891
663 694
663 1176
663 1714
663 1730
663 1944
663 2338
663 3195
664 1867
665 2765
665 4418
666 2196
666 2748
666 2903
666 3074
666 3414
666 3926
666 4471
666 4493
667 1280
667 2616
667 3221
667 4144
667 4839
668 4651
670 1234
670 1779
671 1473
671 1695
671 3110
672 801
672 1116
672 1774
672 2004
672 3681
673 1195
673 1649
673 2414
673 3078
674 4201
675 915
675 932
676 875
676 1082
676 4101
676 4592
677 1731
677 2906
678 1087
678 1093
678 1449
678 1879
678 2278
678 2468
678 2559
678 2861
678 4431
681 1027
681 1310
681 2333
681 3694
681 3906
681 4380
682 3011
682 3410
682 3912
683 891
683 1174
683 2970
683 4826
684 954
684 964
684 1307
684 1493
684 1625
684 2031
684 2620
684 3203
684 3937
686 1263
686 1888
686 2902
686 3421
687 1515
687 1925
688 916
688 1201
688 1407
688 1665
688 2641
688 4805
689 951
690 1067
690 2774
690 3781
690 4141
690 4431
691 2081
691 3528
692 789
692 1008
692 1366
692 3022
692 4410
692 4441
694 730
694 940
694 2647
694 4035
696 1699
696 3248
696 3406
697 3474
698 1687
699 707
699 783
699 1259
699 1696
699 1744
699 2056
701 798
701 3336
702 1212
702 4464
703 713
703 1415
703 1663
703 2633
703 4001
704 1277
704 3815
704 4018
705 1554
705 1798
705 2194
705 2781
705 2901
705 3057
705 3160
705 3850
705 4299
706 1815
706 2586
706 2737
707 2020
707 2256
707 2582
707 2702
707 3358
707 3697
707 4644
707 4657
708 3456
709 1749
709 2706
709 3022
709 4297
710 2718
710 3532
712 1604
712 3137
712 4799
713 825
713 893
713 930
713 963
713 1283
713 1369
713 2429
713 2686
713 4146
713 4674
714 1496
714 1499
714 2179
714 3454
714 3496
714 4471
715 1589
715 4208
716 1044
716 1858
716 3814
717 3051
717 3934
718 2884
718 3986
718 4665
719 1041
719 1758
719 3395
719 3840
720 844
720 1013
720 1512
720 1728
720 2228
720 3245
720 3501
720 4576
721 991
721 1116
721 1606
721 2711
721 3005
721 3092
721 3962
722 1501
722 3863
723 4903
724 3160
726 1199
726 1944
726 4978
727 936
727 1125
727 1906
727 2047
727 4434
728 1414
728 1844
728 2262
728 2451
728 2795
728 3250
728 3592
729 1259
729 1835
729 2623
730 1456
730 1843
730 1894
730 3571
730 3805
730 4312
730 4507
732 1189
733 916
733 1980
734 1518
736 1874
737 2881
737 4474
738 1837
740 1787
740 3191
740 4260
740 4874
741 2082
741 2169
741 3181
741 3381
741 3650
741 4292
741 4369
742 801
742 1521
742 1969
743 2831
744 3058
744 4527
744 4715
745 808
745 1945
745 3179
745 3216
746 775
746 2918
747 2225
747 3192
748 896
748 1029
748 2694
749 2999
750 1303
750 3008
750 3276
750 4209
751 2271
751 3684
752 933
752 1112
752 1177
752 4972
753 755
753 921
754 760
754 2007
754 3388
754 4189
754 4868
757 1351
758 1372
758 3487
760 997
760 1060
760 1142
760 1272
760 2023
760 3313
761 802
761 1330
761 1489
761 2859
761 3547
761 4094
762 1186
762 1661
762 2050
762 2344
762 3885
763 1251
763 2875
763 2980
764 781
764 2166
764 3748
764 3804
764 4071
765 2910
765 3628
766 1671
769 1094
769 1165
769 1397
770 820
770 2752
771 1236
771 2944
772 1579
772 2129
772 3244
772 3358
772 3385
772 4020
772 4184
772 4557
773 2954
774 2993
776 794
776 980
776 1439
776 1778
776 3753
776 3945
777 1457
777 1942
777 2024
777 2724
777 3701
777 3925
777 4631
778 1990
780 1782
780 2754
780 4490
782 3171
783 1293
783 2443
783 2893
783 3367
783 3499
783 3891
784 874
784 2634
784 3459
785 1855
785 3963
785 4107
785 4421
786 1740
786 2958
788 1421
788 1533
788 1734
788 2604
788 2912
788 4452
788 4835
788 4928
789 3239
789 4468
791 1839
792 3560
793 1192
793 1543
793 1735
793 2559
793 3338
793 3448
793 3645
793 4691
794 824
794 860
794 1321
794 1467
794 2046
794 2321
794 3206
794 3439
794 4226
795 2262
795 2960
795 4027
796 2989
796 3185
796 3208
796 3372
796 3864
796 3892
797 3329
797 3670
797 4554
798 1069
798 1155
798 1254
798 1667
798 1684
798 2117
798 2192
798 2575
798 2904
798 3041
798 3423
798 4121
798 4164
798 4347
800 831
800 1026
800 1300
800 1354
802 1059
802 2185
802 2900
802 4367
802 4597
803 1121
803 1787
803 4195
804 1799
805 2474
806 917
806 1187
806 2224
806 2666
806 2880
806 3092
806 3154
806 3441
806 3738
806 3740
806 4101
807 1639
807 3602
807 4061
807 4064
808 1070
809 2386
810 1747
810 3083
810 3954
812 826
812 890
812 1505
812 1611
812 4845
813 905
813 1593
813 1672
813 1722
813 1794
813 2684
813 3508
813 4727
813 4889
814 951
814 1306
814 1710
814 2384
814 4417
814 4570
814 4999
815 1344
815 2257
815 3978
816 857
816 1658
816 1918
816 4681
817 829
817 3157
817 4046
818 1275
818 2766
818 3676
820 1140
820 1727
820 2125
820 4694
821 4382
821 4617
821 4660
822 880
822 1294
822 2300
822 2609
822 4206
823 1802
823 3059
823 3201
823 3220
823 4105
823 4252
824 1267
824 1530
824 1801
824 1853
824 2143
824 2313
824 3293
824 3824
824 3993
824 4940
825 1701
825 2018
827 1036
827 1111
827 1557
827 3595
827 3699
829 1033
829 1181
829 1564
829 2841
829 3023
829 4007
829 4979
830 3400
832 1913
832 4054
833 2166
833 3000
834 1057
834 1282
834 3197
835 4642
836 1066
837 2934
838 943
838 1246
838 1811
838 1820
838 1856
838 3174
838 3715
838 4525
840 975
840 1514
840 1937
841 1501
841 2722
841 3697
841 4059
842 928
842 1279
842 2227
842 2723
843 2158
843 2405
843 3596
844 904
844 1168
844 1655
844 3653
844 4229
844 4383
846 1480
846 3611
847 906
847 1211
847 1961
847 2320
847 2707
847 2826
848 1244
848 2092
848 4547
848 4762
849 3612
849 3875
850 3646
850 4252
851 864
851 3661
852 1129
852 1402
852 3326
852 4551
855 1848
855 1908
855 2363
855 4165
855 4536
856 1016
856 1529
857 2266
857 3173
857 3541
858 2077
859 1256
859 2149
859 4461
860 1170
861 1032
861 1328
861 3086
861 3389
861 3668
862 877
862 2298
862 2713
862 3354
862 4987
863 1124
863 1295
863 1475
864 1794
864 2568
864 4356
865 3809
866 2494
867 1442
867 3835
868 1000
868 1765
868 2085
868 3011
868 3289
868 4522
869 1067
869 1719
869 1724
869 2463
869 3272
869 4089
870 896
870 944
870 2260
870 3018
871 3733
872 1154
873 2542
873 3928
873 4505
875 998
875 1790
875 1983
876 1292
876 1364
876 2149
876 3370
876 3655
876 3688
876 3980
876 4113
877 2105
877 3377
878 882
878 996
878 1197
878 1813
878 1923
878 3240
878 3527
878 3721
879 1039
879 1145
879 2602
880 3714
881 898
881 1074
881 1373
881 2162
881 2289
881 3564
881 3965
881 4803
882 2451
882 2937
882 4056
882 4413
883 923
883 1836
883 2540
883 3010
883 3436
886 1258
887 955
888 1653
888 3860
889 3349
890 1226
890 1999
890 2401
892 2246
892 2319
892 2500
893 1403
893 2754
894 1885
894 2235
894 2804
894 2950
894 4245
895 1657
896 1099
897 1024
897 1193
897 1517
897 2343
897 2398
897 2496
897 2716
897 2839
897 3712
897 4175
897 4918
898 2426
898 4925
901 1564
901 3792
901 4339
902 4389
904 1076
904 1488
905 1215
905 3222
905 3473
905 4188
905 4821
907 2296
907 3279
908 1576
909 1693
909 1726
909 3277
909 3952
909 4249
910 1866
910 2852
912 986
912 2347
913 3469
913 4472
916 2661
917 1785
918 1190
918 2133
918 2615
918 3288
918 4446
920 1169
920 2247
920 2658
920 2757
920 2854
920 3086
921 4585
922 2937
923 2104
923 4846
924 2241
924 4720
926 2505
926 2549
927 1660
927 3070
927 4445
927 4641
928 1132
928 1756
928 2674
928 2789
928 3966
928 4155
929 1239
930 1014
930 1974
930 3014
931 1098
931 1808
931 3712
933 3393
933 4142
933 4513
933 4974
934 1041
934 1519
934 4871
935 1389
935 1783
935 2914
935 3323
935 3440
935 4502
936 1076
936 1510
936 1668
936 2199
936 3360
937 1652
937 2028
937 2523
938 2005
938 2546
938 3460
939 4612
940 3940
940 4699
941 3246
941 3504
941 3608
941 4636
942 1436
942 2351
942 4903
943 1300
943 1370
943 1749
943 2527
943 2819
943 3326
943 3778
943 3873
945 2459
946 1528
946 1896
946 2311
946 2593
946 2967
946 3090
946 4439
946 4479
947 1084
947 1480
947 1580
947 2058
947 2091
947 2128
948 1879
949 1870
949 2887
949 3080
950 3718
950 4634
951 1905
951 2155
951 2898
951 4845
953 1509
953 2317
953 4930
954 3099
954 3487
955 1997
955 3242
955 4031
955 4487
955 4645
956 1125
956 1668
956 1768
956 1770
956 1793
956 4897
957 2009
957 2359
957 4849
958 989
958 2723
958 3012
958 3127
958 3679
958 4819
960 3775
961 1548
961 2687
961 2700
961 4366
962 3316
962 4147
963 1601
963 3120
964 2371
964 3150
964 4920
965 1640
965 2106
965 2179
965 3510
966 1327
966 4093
967 3853
967 4872
969 1336
969 3164
970 3491
970 3925
971 1164
971 1522
971 3483
973 1558
973 1941
973 3797
973 4234
974 2116
974 3952
975 2280
975 2605
976 1214
976 2059
976 2715
976 2733
976 4154
976 4451
978 2414
978 2645
978 3292
978 3524
979 1730
980 4077
981 1004
981 1023
981 1349
981 2837
981 3135
981 4949
982 1490
982 2251
983 2013
983 2276
983 3157
984 4639
985 1027
985 1377
985 2287
985 2972
985 3533
985 3891
985 4420
986 1289
986 3635
987 1563
987 1772
987 1940
987 4048
987 4162
987 4190
987 4213
987 4427
987 4553
987 4842
988 1158
988 1578
988 1861
988 2018
989 1981
989 2169
989 2273
989 3601
989 3974
989 3988
989 4682
990 2478
991 1491
991 2730
992 2390
992 3620
992 4934
993 2043
993 4899
994 1238
994 1315
994 1656
994 2350
994 3990
994 4258
995 1146
995 2759
996 1062
996 1189
996 1458
996 1625
996 2337
996 2392
996 2770
996 3068
996 3855
996 4712
997 3161
997 3760
998 1931
998 2023
998 2811
998 3176
998 3376
998 4305
999 1004
999 1126
999 1274
999 1280
999 1326
999 1746
999 2197
999 2283
999 2291
999 2657
999 4481
999 4561
999 4583
999 4695
1000 1231
1000 2063
1001 2701
1001 4501
1001 4907
1002 1873
1002 2288
1003 1751
1004 1005
1004 1229
1004 1317
1004 1598
1004 1974
1004 2409
1004 2629
1004 2915
1004 3649
1004 4322
1004 4472
1004 4539
1006 1712
1007 1445
1007 1948
1007 2177
1007 2328
1007 2758
1008 1139
1008 1755
1008 2015
1008 2065
1008 2342
1008 2643
1008 2952
1008 3895
1008 3974
1009 1614
1009 4596
1010 3286
1011 2053
1011 2264
1011 2392
1011 3847
1012 3726
1012 4542
1013 2036
1013 2090
1013 2998
1017 1841
1018 1623
1018 2471
1018 2667
1018 3771
1019 1250
1019 1586
1020 1167
1021 1887
1021 3537
1023 1661
1023 4336
1024 3740
1024 4287
1025 4113
1027 1547
1030 1838
1030 3590
1032 3429
1033 1718
1033 2045
1033 2102
1033 4070
1034 3674
1035 1598
1036 1683
1037 1472
1038 1578
1038 2715
1038 4045
1040 1764
1040 4968
1041 1679
1041 3545
1042 1466
1042 1710
1042 4084
1044 1347
1045 3921
1046 4078
1048 2665
1048 4021
1048 4087
1050 1064
1050 1183
1050 1447
1051 1231
1051 1433
1051 2090
1053 1953
1053 2292
1053 2695
1053 4196
1053 4753
1054 1168
1054 4390
1054 4860
1056 1934
1057 2243
1057 4802
1058 1854
1058 3594
1059 2244
1059 2537
1059 2671
1059 3271
1059 3904
1059 4449
1060 1597
1060 2503
1060 3458
1060 4121
1060 4470
1060 4595
1060 4900
1061 3346
1062 4061
1064 4516
1065 2199
1066 2342
1066 2353
1066 3146
1067 2229
1067 3197
1069 2432
1069 2736
1070 1362
1070 2787
1070 2987
1071 1795
1071 2025
1071 3388
1071 3477
1072 1644
1073 2071
1073 2564
1074 2643
1076 1196
1076 1832
1076 2838
1076 4152
1077 1659
1077 2211
1077 4624
1077 4684
1078 1584
1078 2131
1078 4880
1080 1182
1080 2523
1080 4144
1084 4782
1085 1100
1085 1118
1085 1762
1085 2572
1085 2969
1086 1911
1086 3591
1086 4004
1086 4315
1087 3785
1089 1184
1089 1479
1089 1706
1089 1708
1089 1837
1089 2036
1089 2521
1089 2567
1089 3818
1089 3933
1089 4566
1090 1997
1092 2281
1092 2979
1092 3510
1093 2070
1094 1720
1094 2229
1094 2248
1094 2345
1094 2503
1094 2527
1094 3801
1095 1130
1095 1404
1095 1560
1095 1850
1095 2034
1095 2214
1095 2593
1095 2841
1095 3177
1095 3417
1095 3426
1095 3946
1095 4410
1095 4418
1095 4928
1096 1513
1097 1159
1097 1332
1097 1339
1097 1459
1097 1649
1097 1694
1097 1822
1097 1988
1097 2256
1097 2372
1097 2992
1097 3394
1097 3566
1097 4210
1097 4257
1098 1684
1098 4302
1098 4611
1099 1487
1100 2346
1101 1103
1101 1832
1101 2094
1101 2194
1101 2509
1101 2813
1101 4980
1102 3324
1103 1416
1103 1473
1103 2979
1103 3067
1103 4594
1103 4916
1104 1185
1104 1870
1104 2857
1107 1322
1107 2140
1107 3795
1107 4219
1107 4462
1108 1271
1108 1495
1108 2145
1108 2708
1108 2877
1108 2974
1108 3736
1109 1238
1109 1264
1109 2916
1109 3895
1109 4600
1112 2875
1112 4816
1113 1360
1114 1659
1114 2099
1114 2644
1114 4447
1114 4475
1114 4662
1117 4025
1119 1221
1119 1503
1119 2003
1120 2449
1120 2475
1120 3464
1121 1329
1121 1444
1121 1537
1121 1803
1121 4045
1121 4203
1123 1603
1123 3280
1123 3681
1124 1375
1124 4684
1125 2560
1126 1454
1126 2079
1126 3859
1127 2573
1127 3949
1127 3962
1127 3996
1127 4887
1128 3247
1129 2338
1129 3889
1130 1315
1130 1340
1130 1656
1130 1901
1130 2123
1130 2777
1130 3286
1130 3663
1130 4712
1131 1874
1133 2120
1133 2529
1133 2769
1133 3956
1133 4228
1133 4366
1134 3502
1135 2410
1135 3898
1135 4242
1135 4612
1135 4647
1135 4933
1136 1178
1136 1342
1136 1358
1136 3829
1137 2432
1138 1293
1138 1631
1138 2063
1138 2275
1138 2467
1138 4486
1139 2058
1139 3847
1140 1453
1142 2393
1142 2798
1142 3432
1142 4042
1142 4741
1143 1830
1143 3330
1145 2309
1145 2321
1145 2434
1145 2796
1145 3200
1145 3272
1145 3780
1145 4442
1146 2085
1146 3568
1146 3644
1148 1171
1148 1623
1148 2222
1148 4057
1149 1405
1149 1843
1149 3953
1150 2257
1150 2285
1150 2457
1150 3735
1151 1265
1151 2091
1151 3360
1151 4553
1152 2165
1153 1927
1153 3513
1154 2328
1154 3285
1154 4884
1155 1922
1155 2324
1155 4099
1155 4157
1156 1422
1157 2882
1158 1234
1158 1804
1158 3361
1159 1786
1159 2009
1159 2115
1159 2485
1159 2621
1159 2927
1159 3779
1159 4106
1160 2271
1160 2402
1160 2494
1160 4034
1161 2406
1161 2703
1161 3977
1161 4976
1162 1865
1162 2440
1162 2779
1162 3627
1162 4291
1164 2020
1164 2252
1164 2635
1165 3350
1166 1595
1167 1440
1167 2100
1168 1540
1168 3141
1168 4494
1168 4510
1169 2160
1171 1367
1172 2569
1172 4647
1173 1393
1173 3026
1173 4163
1173 4235
1173 4584
1174 1554
1174 1940
1174 1948
1174 2653
1175 3143
1175 3206
1176 2515
1176 2679
1176 3497
1177 1687
1177 3914
1179 3976
1180 4158
1180 4859
1181 1362
1181 1441
1181 1502
1181 1804
1181 2466
1181 3084
1181 3984
1182 2171
1182 3287
1182 3387
1183 1788
1184 3820
1184 4485
1185 1424
1185 4119
1186 3159
1186 3412
1186 4524
1190 2001
1190 2864
1191 1383
1191 2649
1191 4362
1192 1359
1193 4909
1194 2021
1194 2304
1194 2573
1194 2850
1194 3731
1194 4313
1194 4440
1194 4443
1195 2654
1195 3566
1195 4716
1196 1542
1196 1886
1196 1910
1197 1860
1197 1963
1197 3906
1198 1391
1198 4564
1200 1831
1200 4567
1202 1457
1202 1868
1203 4668
1205 1826
1205 2799
1205 4633
1209 1742
1209 4282
1209 4821
1210 4097
1211 1364
1211 1537
1211 4161
1211 4940
1213 4250
1214 1498
1214 3359
1214 3472
1214 4261
1215 2412
1215 2439
1215 4158
1216 1817
1216 3274
1216 3412
1217 1881
1217 1962
1217 2795
1217 4814
1218 2403
1218 2698
1221 1575
1221 3652
1221 3903
1221 4411
1221 4902
1222 1609
1222 2996
1223 1796
1224 1528
1224 2099
1224 2528
1224 3383
1226 3363
1226 3939
1226 4666
1227 1358
1227 1390
1227 2804
1227 2873
1228 1354
1228 1727
1228 2359
1228 3632
1228 4067
1229 3618
1230 3352
1231 3613
1231 4181
1232 1333
1232 2010
1232 2045
1233 1422
1233 1604
1233 3352
1233 3683
1233 4006
1234 1849
1234 3831
1235 4255
1236 2178
1236 2303
1236 2480
1236 2835
1236 4859
1236 4931
1238 2181
1239 3790
1240 3159
1241 1383
1241 2220
1242 1481
1243 3914
1243 4935
1244 1802
1244 3213
1244 3331
1244 3603
1245 2373
1246 1583
1246 3253
1246 3404
1248 4879
1249 3922
1249 4178
1250 2329
1250 3665
1251 2397
1251 3638
1252 1331
1252 2344
1252 2405
1252 4989
1253 2670
1256 1308
1257 2472
1259 3252
1259 3310
1260 2506
1263 1356
1264 2460
1265 2357
1265 3097
1265 4470
1266 1628
1266 1729
1266 2226
1266 2507
1266 2720
1266 3138
1266 3189
1268 1507
1268 1664
1268 1709
1268 1831
1268 3558
1268 3879
1268 4286
1268 4656
1269 2794
1269 3854
1270 2183
1270 2683
1271 2958
1271 4090
1271 4933
1272 1391
1272 1670
1272 1773
1272 2147
1272 2535
1272 2729
1272 2790
1272 3520
1273 3234
1273 3924
1273 4563
1275 2186
1275 2543
1275 3397
1275 4108
1276 1418
1276 2860
1278 2068
1279 1970
1279 2712
1280 1417
1280 2869
1280 3982
1280 4026
1280 4716
1281 1562
1281 1868
1281 1993
1281 2450
1281 2757
1281 4967
1282 3858
1282 4339
1283 3777
1284 1964
1285 2866
1287 3368
1287 3663
1288 2965
1290 1557
1290 2744
1290 3147
1292 1590
1292 2655
1292 4487
1292 4546
1293 3119
1293 3908
1293 4103
1295 3202
1295 3592
1296 2377
1296 2385
1296 3492
1297 2509
1297 2639
1297 4217
1298 1371
1298 1851
1298 2127
1298 2142
1298 3264
1298 3821
1300 2969
1300 3913
1301 1816
1301 2536
1301 2701
1301 2829
1301 3328
1302 1513
1302 1759
1302 3139
1304 3643
1305 2375
1308 1508
1308 1760
1308 2153
1308 3249
1309 3896
1309 4801
1311 3075
1311 3967
1312 2026
1312 2673
1313 2205
1313 3707
1313 4214
1314 1339
1314 1502
1314 1592
1314 2834
1314 3214
1314 3536
1315 1320
1315 1400
1315 1476
1316 1345
1316 1774
1316 2062
1316 3556
1317 1378
1317 3765
1318 1725
1318 2172
1318 4015
1319 1450
1319 1600
1319 2301
1319 2798
1319 4735
1320 2119
1320 4844
1321 2195
1321 2362
1323 3667
1325 1797
1326 2844
1326 4082
1327 2366
1330 1910
1330 3065
1330 3610
1330 4834
1331 1433
1332 1372
1332 2741
1332 3037
1332 3775
1333 1538
1333 1612
1333 2341
1333 3852
1334 1693
1334 3702
1334 3869
1334 3922
1334 4475
1335 2323
1335 2493
1335 2807
1335 4533
1336 3893
1336 4258
1337 1544
1337 3052
1339 2790
1340 1581
1340 2078
1340 3460
1342 3716
1343 1887
1343 4795
1345 1969
1345 3122
1345 3565
1345 3787
1346 4455
1347 2681
1347 4343
1348 1516
1350 2427
1354 3257
1355 1932
1355 2552
1355 2840
1355 4008
1355 4613
1356 4423
1357 3449
1357 3544
1359 2516
1360 2017
1361 1784
1361 1951
1361 2785
1361 4804
1363 2136
1364 2242
1364 4496
1365 2524
1365 4534
1367 1978
1367 2802
1367 3659
1368 2137
1370 1682
1370 2267
1370 3216
1371 3901
1372 4254
1373 1748
1373 2170
1373 4228
1375 2650
1376 1595
1376 1985
1378 1593
1378 2902
1378 2948
1378 3653
1379 3772
1381 1493
1382 4492
1385 1471
1385 1708
1385 3682
1387 4222
1388 1767
1388 1776
1388 1839
1388 2776
1388 3599
1388 4243
1388 4327
1389 1558
1389 2075
1389 2136
1389 2528
1389 3307
1389 3535
1389 3888
1389 4102
1389 4296
1391 2519
1391 3840
1392 1827
1392 1936
1392 4140
1392 4904
1393 2239
1393 3478
1394 1897
1394 2404
1395 2842
1395 2856
1396 1451
1397 4303
1397 4659
1398 2636
1398 2648
1398 3751
1399 3041
1400 1655
1400 3558
1400 3752
1402 3113
1402 3270
1403 1622
1403 3565
1404 2603
1405 2608
1405 3948
1405 4396
1408 2307
1408 2773
1408 3239
1408 3501
1408 3585
1408 4394
1409 1506
1409 2968
1409 3401
1409 4717
1409 4975
1410 4825
1413 1642
1413 2057
1413 2358
1413 2426
1413 2659
1413 3189
1413 3322
1413 3380
1416 1757
1416 1966
1417 1612
1417 2640
1417 3619
1418 1925
1418 3599
1420 2407
1420 2524
1420 4266
1420 4850
1420 4865
1421 4849
1423 2041
1424 2717
1424 3575
1425 2487
1426 1443
1427 2558
1427 2565
1427 2826
1427 3230
1427 3543
1428 1721
1428 2006
1428 2489
1428 2634
1428 3549
1430 1448
1430 3204
1432 1790
1432 2259
1432 3276
1432 3728
1432 4669
1433 1449
1433 3171
1434 1620
1434 2656
1436 1720
1436 3034
1436 4159
1436 4546
1436 4639
1437 2756
1439 1546
1439 3317
1440 1692
1440 3144
1440 4703
1441 1736
1441 1800
1441 2590
1442 1876
1442 2448
1442 2558
1443 4803
1444 2363
1444 2971
1444 4745
1445 3729
1446 1763
1446 3314
1446 4308
1446 4496
1446 4750
1447 1861
1447 2364
1449 1911
1452 1967
1452 2101
1452 2530
1452 3117
1452 3794
1453 1463
1453 4050
1454 1838
1454 4148
1455 3046
1455 3364
1455 3630
1457 2917
1458 4145
1459 2470
1459 3372
1461 2139
1461 3168
1462 2517
1463 1618
1463 3379
1465 1631
1465 3812
1467 3693
1467 3947
1468 1667
1468 1813
1468 1971
1468 1975
1468 2724
1469 2270
1472 1946
1472 2052
1472 2402
1472 2817
1472 3465
1472 3774
1473 3928
1475 4387
1476 2384
1476 2992
1476 3394
1476 4225
1478 1540
1478 2320
1478 4392
1479 3506
1480 1745
1480 2346
1480 3242
1480 3967
1480 4199
1484 1497
1484 2314
1485 3865
1485 4520
1486 3143
1486 3857
1486 4511
1488 2770
1489 1680
1489 2093
1489 2479
1489 3781
1489 4877
1491 3836
1493 2249
1493 2498
1493 3021
1495 1783
1495 4951
1498 2682
1502 1999
1502 3043
1503 2131
1503 2768
1503 3481
1503 3517
1506 3211
1508 2998
1508 4193
1509 4788
1510 3867
1512 3121
1513 2355
1513 4037
1514 2393
1516 1842
1516 2885
1516 4783
1517 2173
1520 2379
1521 2218
1521 2844
1521 3381
1521 3469
1524 3748
1526 2712
1529 4541
1530 3254
1531 2263
1531 2791
1532 1570
1532 4641
1536 2491
1537 1965
1537 3243
1537 3255
1537 4769
1538 2659
1539 1991
1540 1883
1540 3047
1541 2208
1543 2964
1543 3177
1544 2863
1544 4172
1544 4731
1545 2011
1545 2847
1546 4509
1547 3090
1548 4608
1549 1716
1551 1742
1551 2968
1551 3894
1552 1921
1553 4139
1554 1588
1554 2455
1554 2644
1554 3095
1554 3201
1554 4024
1555 3846
1556 4904
1557 3264
1559 2504
1560 3993
1562 2596
1562 3167
1562 3483
1562 3904
1562 3953
1562 4022
1563 3818
1564 3078
1564 3613
1564 3722
1565 3449
1567 3849
1568 1806
1568 1928
1568 3303
1568 4683
1570 2185
1571 1607
1571 2617
1573 1700
1573 2732
1573 3498
1573 3979
1574 3071
1575 1635
1575 1723
1575 2310
1577 2550
1577 3218
1577 3402
1578 2147
1578 2631
1578 4244
1579 2069
1579 4230
1581 2530
1581 2782
1582 2668
1582 3151
1583 3658
1583 3815
1584 1676
1584 2565
1584 4524
1584 4902
1584 4937
1587 2285
1590 2364
1590 3884
1591 2032
1592 4826
1595 4354
1596 2184
1596 2385
1599 2132
1599 2744
1599 2816
1601 4593
1602 2095
1604 2264
1604 2485
1604 3786
1604 4215
1605 2103
1605 2741
1606 1669
1606 2113
1607 2774
1608 2447
1613 3451
1613 4863
1614 1886
1614 2964
1614 3317
1614 3908
1614 4409
1614 4419
1615 2150
1615 2896
1615 4309
1616 3173
1617 2269
1617 2293
1617 3373
1618 4772
1619 2236
1619 2845
1619 4473
1620 3916
1621 1989
1622 1963
1622 3861
1622 4104
1622 4294
1622 4320
1623 2461
1623 3704
1624 4899
1625 4301
1625 4666
1627 2275
1627 2990
1628 2365
1628 3085
1629 2381
1631 4664
1633 2788
1633 3212
1634 2277
1634 2631
1635 3246
1635 3299
1635 3751
1636 2207
1636 2782
1636 3336
1637 2846
1638 4189
1639 3195
1640 3561
1642 2396
1642 3151
1643 2327
1643 2809
1643 3135
1643 4622
1644 1829
1644 3140
1644 3664
1644 3770
1645 3524
1645 4329
1646 4251
1647 2089
1648 3739
1649 2718
1649 3322
1649 4359
1649 4499
1650 3379
1652 2569
1652 3796
1652 4166
1652 4409
1654 3266
1654 4454
1655 3428
1656 1698
1656 1850
1656 4212
1657 2849
1657 2981
1657 4511
1657 4521
1658 2062
1658 2224
1658 2627
1658 3196
1658 3749
1659 2529
1659 4080
1659 4096
1661 1729
1661 2361
1661 2960
1661 2984
1662 2348
1662 4084
1662 4334
1663 2267
1663 3485
1665 4365
1667 1698
1668 4328
1669 4592
1670 2672
1671 3570
1671 3695
1671 3747
1671 3892
1671 4766
1672 2126
1672 3019
1673 2545
1675 2060
1675 4968
1676 3526
1676 4036
1677 2403
1678 3793
1679 2580
1680 2459
1681 4552
1684 1955
1684 3039
1684 3499
1684 3550
1684 4938
1685 3030
1687 1858
1687 2604
1687 3002
1689 2228
1689 3435
1690 2522
1691 1877
1691 3362
1691 3479
1691 4450
1691 4568
1693 1819
1693 3382
1694 1750
1694 3807
1694 4659
1695 3010
1695 4081
1696 2400
1696 2753
1696 4946
1697 1965
1700 2232
1700 3743
1700 4033
1700 4098
1702 4192
1703 1725
1704 1976
1704 2748
1707 1745
1707 2920
1707 4211
1707 4416
1707 4467
1707 4808
1708 3456
1714 3990
1716 2742
1716 4691
1718 3120
1718 3811
1718 4910
1719 4247
1719 4740
1721 2092
1722 2037
1722 3371
1722 3459
1722 3783
1723 3162
1723 3442
1723 4886
1728 3537
1729 2611
1730 2221
1730 3073
1731 1768
1731 2282
1731 4012
1732 2618
1732 3618
1732 3854
1732 4521
1733 2883
1733 3553
1734 3258
1734 4906
1735 2535
1735 2763
1737 3490
1738 2074
1738 2283
1738 2316
1738 3366
1738 4914
1740 4864
1742 2516
1742 4649
1744 3262
1745 1806
1745 2238
1745 2331
1745 3408
1746 1750
1748 1865
1748 4922
1749 3291
1752 2458
1752 2577
1752 4752
1753 3551
1754 1954
1754 4843
1755 2417
1758 4338
1759 2626
1760 2675
1760 2996
1760 3399
1760 3536
1762 2945
1764 4995
1767 1780
1767 1827
1767 3791
1767 4374
1768 2170
1770 1960
1771 3674
1772 2899
1773 2853
1773 4464
1775 1833
1775 3543
1777 2865
1777 3512
1780 4098
1781 3828
1781 4661
1782 2301
1784 2828
1786 3033
1786 4205
1787 3559
1788 3647
1788 4775
1789 1958
1789 3759
1790 3819
1790 4023
1792 2238
1792 3903
1796 2415
1796 4100
1797 4129
1798 3600
1798 3931
1799 4719
1801 2366
1801 3550
1802 2175
1802 4594
1802 4685
1802 4982
1803 1973
1803 2097
1803 2874
1803 3431
1803 3717
1804 3251
1805 3738
1806 2044
1806 2415
1806 2837
1806 2843
1806 3228
1806 3897
1806 4315
1807 3497
1811 4508
1812 2582
1813 3353
1813 3494
1814 4395
1818 1933
1819 1986
1819 2219
1819 3612
1819 4723
1820 2269
1820 3808
1821 1988
1821 2436
1821 2595
1821 4290
1823 1891
1823 4370
1824 2189
1825 3451
1825 4609
1825 4671
1827 1993
1827 3835
1827 4579
1828 3332
1828 3567
1828 4136
1830 2371
1831 2893
1831 3834
1831 3865
1831 4847
1833 2812
1834 2507
1834 4423
1837 3021
1837 4816
1838 2943
1838 3482
1839 2027
1839 2336
1839 3003
1840 3048
1842 2822
1843 2054
1843 3830
1843 4572
1844 2911
1844 3270
1844 3632
1844 4437
1845 3842
1847 4677
1850 3981
1851 2189
1851 2961
1851 3747
1852 2976
1852 3118
1853 1935
1853 2274
1853 3534
1853 4399
1854 3521
1855 4725
1856 3900
1858 4030
1859 4863
1859 4911
1860 2245
1861 2555
1865 2351
1865 3418
1865 3843
1868 4644
1868 4791
1870 3539
1871 3609
1872 2027
1873 2318
1873 2322
1873 2533
1873 2878
1874 2568
1874 2800
1875 2066
1875 4150
1879 2464
1879 3031
1881 2016
1881 3407
1882 2121
1882 2377
1885 2577
1885 2677
1885 3523
1885 3626
1885 4920
1887 2956
1891 2624
1891 4503
1892 3308
1893 4407
1894 2834
1897 1973
1897 2576
1898 3054
1898 3056
1898 3204
1898 3213
1898 3525
1900 2055
1902 2646
1904 3617
1904 4050
1904 4777
1904 4827
1904 4935
1905 4752
1911 3247
1912 2456
1912 2692
1912 3056
1913 2022
1916 2242
1919 2382
1919 2669
1919 3403
1920 4107
1920 4770
1923 3391
1925 2164
1926 1977
1926 4248
1928 2771
1928 3654
1929 1947
1929 3438
1929 3692
1929 4529
1929 4610
1931 2613
1931 4481
1932 3607
1932 3734
1933 3593
1934 3750
1935 2430
1935 4163
1939 4122
1942 3230
1942 3429
1942 3792
1942 4312
1943 2042
1943 4988
1945 2431
1946 2630
1946 2843
1946 3723
1947 2501
1949 2545
1950 2720
1951 2965
1951 3001
1952 2686
1952 3415
1953 2323
1953 3458
1953 3476
1954 2547
1956 4347
1957 1990
1957 4111
1958 2635
1958 4261
1959 2206
1959 4346
1959 4792
1961 2418
1961 2632
1961 3057
1961 3186
1961 3675
1962 3509
1963 2923
1963 4241
1967 2519
1967 4463
1968 4384
1968 4813
1969 2650
1972 2660
1972 2705
1974 2424
1976 3601
1978 2900
1979 4895
1983 2107
1983 3284
1983 4434
1984 3196
1985 2874
1985 3630
1987 2191
1987 2482
1988 4528
1989 4700
1991 2000
1991 2088
1991 2268
1991 3660
1991 4489
1994 3720
1995 2981
1995 3016
1995 4810
1997 2060
1997 3690
1998 2187
1998 2241
2000 4394
2001 4056
2002 2181
2002 2707
2002 3354
2002 3390
2002 3909
2002 3917
2006 2026
2006 2372
2008 4142
2010 4603
2013 2576
2013 3447
2014 2138
2015 3325
2015 4349
2017 3937
2019 2594
2019 3503
2019 3737
2019 4797
2020 2497
2021 3203
2022 3335
2022 3569
2024 3064
2024 3658
2024 3845
2025 3351
2026 3989
2026 4573
2029 2797
2030 2408
2031 4323
2031 4737
2032 2035
2032 3187
2032 3223
2032 3269
2032 3975
2032 3995
2032 4030
2033 3024
2034 2210
2036 4624
2037 2627
2042 2845
2042 3035
2043 2173
2043 4356
2044 3042
2045 2411
2045 3235
2046 2553
2046 4161
2048 3110
2048 4313
2051 2483
2053 2273
2053 3400
2058 2076
2064 3682
2064 4393
2065 3050
2065 4311
2065 4337
2066 2423
2066 4562
2066 4886
2069 2106
2069 3623
2070 2209
2071 3912
2072 4774
2073 2290
2073 4248
2073 4960
2075 2685
2075 3044
2075 4069
2077 2839
2078 4276
2078 4351
2082 2917
2083 4212
2084 3097
2086 3696
2086 3921
2087 3698
2087 3991
2087 4786
2088 4415
2089 2802
2089 3038
2091 4072
2094 2513
2094 3015
2094 3026
2095 3719
2096 2211
2097 4736
2099 2541
2101 3577
2101 3750
2101 3799
2101 4538
2101 4544
2103 3936
2103 4187
2103 4648
2107 2206
2108 2766
2109 4435
2110 3068
2111 2379
2111 2648
2113 2951
2113 3808
2115 3823
2116 2541
2119 2727
2119 3529
2121 2155
2122 3305
2122 3646
2123 2282
2124 3357
2127 4036
2128 2421
2128 3419
2128 3741
2128 4785
2131 4971
2133 2755
2133 3441
2133 3540
2133 4550
2133 4927
2134 2914
2136 2566
2138 4250
2139 2362
2139 3806
2140 2888
2142 2544
2143 3327
2143 3834
2143 4756
2144 2579
2144 2691
2144 3463
2145 2340
2146 2360
2146 4771
2147 2752
2148 2308
2148 2444
2148 4723
2150 2532
2151 2821
2151 3426
2152 2733
2152 4457
2154 2490
2154 3329
2155 3434
2157 2685
2158 2566
2159 3165
2159 4791
2160 3553
2161 4727
2162 2355
2162 3888
2163 2408
2163 2747
2163 3002
2163 4953
2164 3033
2164 3386
2164 3637
2164 4513
2166 3083
2166 3605
2166 4428
2167 2288
2167 2734
2169 2584
2170 2448
2170 2710
2170 2895
2173 3825
2173 4115
2174 3142
2175 2200
2175 3713
2175 4697
2176 4469
2176 4814
2177 3555
2179 2988
2179 3525
2180 3382
2182 3807
2182 4937
2183 2198
2183 2446
2183 2525
2183 2662
2183 2816
2183 2955
2183 2966
2183 3433
2183 3756
2183 4047
2183 4105
2183 4109
2183 4402
2185 2714
2185 4170
2186 2891
2189 3087
2190 2495
2191 4587
2193 2942
2193 3232
2193 3870
2195 2212
2196 3636
2199 3126
2199 3764
2200 2438
2200 3265
2201 3133
2202 3077
2202 4997
2204 3275
2204 3580
2204 3587
2204 3743
2204 4112
2204 4244
2207 3260
2209 3101
2210 2703
2210 4106
2210 4514
2212 2383
2213 4333
2214 3856
2215 2326
2217 2727
2217 2761
2217 4923
2218 2311
2218 4283
2219 4994
2220 4505
2221 2625
2221 2739
2227 3279
2227 3401
2227 4117
2228 2294
2228 3405
2230 3316
2235 3530
2237 2287
2237 2326
2237 2400
2237 2450
2238 2350
2238 4761
2238 4868
2240 2421
2240 2940
2240 3142
2241 3178
2241 4590
2242 3266
2243 3549
2244 3450
2244 4232
2246 3917
2246 4852
2246 4932
2247 2419
2247 3693
2247 4375
2247 4558
2249 3386
2249 3446
2249 3591
2250 2833
2252 4704
2254 2776
2254 4293
2255 2597
2256 3136
2257 4626
2258 2396
2259 2785
2260 3533
2261 3475
2261 4270
2264 3387
2268 4223
2270 3585
2271 2370
2272 2483
2272 3450
2272 3638
2272 4019
2272 4535
2274 3069
2274 3176
2274 3757
2275 2708
2276 3081
2277 2331
2277 2692
2277 2986
2277 4011
2281 4425
2282 3548
2283 2307
2283 2680
2283 3624
2285 2352
2285 4240
2288 4011
2289 3224
2289 3774
2290 4125
2291 2599
2292 4815
2293 2684
2293 2825
2293 4108
2294 4038
2294 4358
2296 4627
2297 3284
2298 4387
2299 2436
2299 4583
2303 2548
2303 4801
2304 3043
2304 4913
2305 2753
2305 3123
2305 3820
2305 3849
2310 2600
2310 4126
2310 4483
2311 2719
2312 2333
2312 2962
2312 4667
2312 4983
2313 2829
2313 3374
2313 4711
2314 2813
2316 3374
2317 3269
2321 4696
2324 4721
2327 3913
2327 4384
2328 4877
2333 2557
2333 3315
2333 4956
2334 3340
2334 3796
2334 4809
2336 2735
2337 3008
2337 3152
2337 4488
2337 4960
2338 2339
2339 3027
2339 3049
2340 3351
2341 2808
2341 3832
2341 4300
2342 4815
2343 4075
2345 3695
2347 3713
2348 3148
2351 2697
2351 4183
2352 3208
2355 2985
2355 3240
2355 4722
2356 2840
2356 4200
2356 4266
2357 4917
2368 3872
2368 4068
2372 3793
2374 2404
2375 4488
2379 3593
2380 2810
2381 3467
2381 4200
2382 3983
2383 2886
2383 3102
2384 4946
2386 4027
2387 2869
2389 2858
2391 3968
2392 3945
2394 2611
2394 4210
2395 2433
2395 3370
2397 3153
2397 4235
2397 4514
2398 3219
2399 2467
2399 2553
2399 2617
2399 2862
2399 4008
2399 4010
2399 4132
2401 3062
2401 4141
2402 4177
2403 2533
2403 2940
2404 2502
2405 3564
2405 3826
2405 4864
2406 3118
2408 2652
2408 2750
2408 4131
2408 4380
2411 2870
2414 4269
2415 4618
2417 2806
2417 4316
2419 4112
2420 4574
2425 3013
2427 3622
2427 3689
2427 4400
2427 4736
2427 4820
2429 3791
2429 4531
2430 3957
2430 4844
2431 4399
2432 3034
2432 4689
2435 2768
2436 4589
2439 2945
2439 3572
2440 3662
2440 4493
2440 4720
2440 4918
2442 4994
2443 3973
2445 2556
2445 4202
2450 2454
2451 2561
2451 3037
2451 3692
2454 3616
2455 2552
2455 4076
2456 3503
2457 2704
2457 3708
2457 4087
2458 3134
2461 3102
2462 2984
2462 4149
2462 4355
2463 3114
2463 3589
2464 4110
2466 3325
2468 2583
2470 4930
2470 4995
2472 3296
2474 2486
2474 3180
2474 3972
2476 4378
2481 3233
2481 4706
2482 2762
2482 4071
2484 3079
2485 3101
2489 3029
2489 4454
2490 3166
2490 3621
2491 2745
2491 4314
2492 2694
2492 4123
2493 2930
2496 4548
2498 2762
2498 3634
2498 3763
2498 4848
2499 3651
2500 4942
2504 2861
2505 3777
2506 3768
2506 4291
2507 2525
2508 2896
2510 2578
2510 3163
2510 3301
2510 3320
2510 3629
2510 3929
2513 3964
2515 3274
2516 3375
2516 4607
2516 4857
2519 2967
2519 3060
2521 3858
2521 4776
2522 4290
2526 3933
2527 4936
2529 3838
2531 2817
2531 3644
2532 2993
2534 4088
2534 4304
2538 2551
2538 4768
2539 2858
2539 4522
2540 2551
2540 2819
2542 3170
2545 4066
2546 4173
2548 4489
2549 3132
2549 3306
2549 3671
2549 4269
2550 2784
2551 4319
2551 4559
2553 3304
2553 3319
2553 3580
2553 3684
2553 4216
2553 4330
2553 4893
2555 2587
2557 3610
2558 2632
2561 4621
2562 2954
2562 3215
2562 4058
2562 4294
2563 3055
2563 3800
2564 4041
2567 4643
2568 3297
2570 4967
2575 3812
2575 4146
2575 4738
2576 3799
2580 2986
2580 3633
2581 4796
2586 4448
2588 3711
2590 3416
2591 3955
2591 4173
2593 3804
2593 4001
2597 2702
2597 4300
2598 3167
2599 2913
2599 4043
2600 3066
2601 3859
2601 4363
2603 4117
2605 3007
2605 3260
2605 3660
2608 2699
2612 3321
2613 3919
2617 3385
2617 4324
2619 3621
2621 2728
2621 4143
2622 2953
2623 3212
2623 3237
2623 3765
2624 2983
2624 3841
2625 2920
2626 2823
2627 4707
2628 3874
2630 4349
2632 4254
2632 4414
2634 3362
2634 3761
2638 3125
2641 4422
2645 2815
2645 4218
2647 3414
2649 2877
2650 4582
2651 2780
2651 3380
2651 3764
2651 4060
2651 4227
2654 2897
2654 4915
2656 3622
2658 2881
2658 4907
2659 2982
2659 4853
2660 4806
2665 3231
2666 2887
2666 3121
2667 3248
2672 3421
2674 2734
2680 3290
2683 4879
2685 3072
2685 4693
2687 3496
2687 4100
2688 2872
2688 4588
2694 3017
2694 3732
2694 4888
2695 4168
2695 4560
2695 4694
2697 4777
2698 3158
2700 4057
2703 3801
2704 3631
2704 3924
2704 4565
2704 4954
2707 3009
2707 3020
2707 4237
2711 4717
2714 4673
2714 4926
2720 2898
2721 3430
2722 2854
2722 2941
2722 3704
2724 2830
2725 3923
2725 4135
2727 3830
2729 3225
2730 2868
2730 3505
2734 4334
2736 3625
2738 4860
2743 3417
2743 3423
2748 3025
2749 3523
2750 3790
2751 3557
2755 2862
2755 4406
2758 2926
2758 3115
2759 4272
2763 3590
2765 3703
2766 4445
2769 2921
2769 4817
2771 3594
2772 2908
2772 3965
2774 4663
2777 4778
2778 3229
2778 4442
2779 3930
2783 4468
2785 4335
2795 3833
2796 3581
2797 4120
2798 3420
2798 3608
2798 4398
2798 4927
2804 2838
2805 4741
2805 4805
2806 4329
2807 2905
2807 3131
2807 4726
2808 4945
2810 3824
2812 3254
2813 4763
2814 4301
2815 3438
2817 3112
2818 4526
2819 4404
2819 4432
2820 3175
2826 3950
2827 3053
2827 4096
2828 3235
2835 4984
2839 3839
2840 3690
2844 4092
2845 4552
2850 3477
2850 4813
2851 4998
2857 3346
2862 3813
2864 3001
2870 3782
2870 4390
2870 4710
2870 4787
2871 2908
2876 4508
2881 3075
2881 3187
2884 4500
2885 4898
2886 3584
2886 4388
2889 3911
2893 3528
2893 3642
2895 4308
2898 4827
2898 4948
2903 4055
2905 3588
2913 4132
2917 3300
2917 3839
2920 3347
2920 4184
2923 3652
2923 4220
2923 4338
2923 4739
2924 2974
2924 4446
2926 4544
2927 3241
2927 4095
2928 3822
2929 4280
2929 4397
2931 3074
2933 4180
2934 3063
2934 3267
2934 3534
2934 3938
2936 3455
2941 4566
2943 2946
2943 3275
2943 3435
2943 3514
2945 4919
2947 4880
2948 4495
2948 4532
2949 3810
2949 4506
2951 3709
2951 3788
2951 3885
2952 3782
2955 3562
2957 3688
2959 2962
2959 3604
2964 3116
2969 4120
2969 4769
2969 4969
2972 3745
2972 4690
2975 3545
2975 4456
2981 3343
2987 3722
2988 4751
2992 3082
2993 3745
2993 3955
2994 4241
2996 3271
2996 4479
2999 4165
3005 4345
3006 3698
3008 3679
3008 4224
3009 3614
3010 3422
3012 3356
3015 4781
3016 4494
3017 3831
3020 3106
3025 3447
3026 3136
3028 4518
3029 4575
3035 3554
3036 3343
3036 4386
3037 3992
3037 4797
3038 4838
3039 3482
3039 3972
3041 4230
3041 4538
3041 4883
3042 3666
3044 4064
3047 3273
3047 3721
3056 4346
3056 4436
3064 3833
3065 3819
3066 3231
3069 3243
3069 4348
3075 4433
3079 3098
3079 4035
3080 3428
3081 4025
3083 4913
3085 3117
3086 3178
3087 3292
3087 4798
3089 3944
3096 3851
3096 4850
3100 4019
3103 3659
3103 3753
3103 4451
3104 4151
3105 3624
3112 3605
3112 3868
3114 4672
3115 4638
3117 4619
3118 3872
3118 4440
3119 4082
3121 4091
3122 3976
3129 3205
3131 4119
3136 4234
3137 4642
3137 4786
3138 4194
3139 4227
3139 4512
3140 3471
3140 3494
3143 4709
3145 4480
3145 4698
3146 3784
3150 3999
3150 4372
3158 4052
3158 4135
3160 4118
3161 3651
3168 4079
3169 4171
3170 3709
3171 4285
3180 3785
3180 3956
3180 4998
3185 4498
3188 3969
3192 4024
3193 3602
3196 3883
3196 4217
3197 3685
3205 4225
3206 3941
3208 4854
3210 3718
3212 4648
3214 4654
3217 3226
3220 3817
3220 4160
3221 3480
3221 3648
3225 4657
3226 4484
3227 4133
3231 3640
3232 3832
3237 4623
3240 3490
3243 4893
3245 4076
3245 4492
3259 4730
3260 3702
3263 4593
3264 4425
3266 3742
3272 4955
3273 3942
3275 3761
3275 4861
3277 3828
3278 3789
3280 4116
3283 3654
3285 4823
3287 4322
3290 4512
3296 4663
3296 4885
3301 3324
3301 4618
3305 4033
3305 4307
3306 4103
3307 3705
3312 3587
3322 3670
3322 3951
3322 4128
3322 4670
3324 4323
3325 3629
3327 4773
3332 4759
3336 3356
3337 4852
3338 4049
3340 3398
3352 3481
3352 4605
3355 3495
3355 3623
3355 4896
3360 4413
3363 3452
3363 4053
3365 3732
3365 4965
3368 3918
3369 3539
3369 3762
3369 4265
3370 4297
3372 4912
3375 3756
3375 4032
3376 4459
3377 3970
3384 3898
3384 4444
3385 4131
3388 4114
3390 4798
3391 4620
3393 3689
3394 4416
3395 4732
3396 3886
3399 3466
3401 4545
3403 4692
3404 3471
3406 4749
3412 3850
3412 4812
3413 4317
3419 3432
3419 3603
3419 3983
3422 3907
3422 4063
3422 4980
3424 4898
3425 4661
3427 3951
3429 4133
3430 4476
3435 4807
3436 4424
3438 3800
3445 4004
3447 4925
3450 4851
3462 4326
3462 4474
3465 4044
3465 4534
3467 3729
3473 3584
3475 4962
3481 3995
3483 4701
3485 4005
3490 4283
3491 4530
3495 4658
3502 3848
3504 3845
3504 4330
3506 4166
3506 4342
3508 3887
3512 4180
3514 3720
3515 3561
3520 4966
3521 4705
3522 4099
3522 4975
3531 4856
3532 3582
3535 4577
3541 3701
3542 4667
3546 4504
3548 4664
3553 4395
3554 4191
3560 3769
3562 4993
3567 4153
3569 4186
3572 3982
3578 3893
3578 4622
3583 3927
3583 4420
3586 3813
3589 4285
3598 4407
3598 4892
3602 4363
3602 4671
3609 4993
3610 4309
3614 4143
3616 4912
3617 4870
3619 3999
3626 4073
3628 3645
3628 4337
3629 4640
3630 3929
3635 4148
3641 4345
3641 4725
3643 4924
3643 4944
3645 4046
3649 4221
3654 4307
3655 3997
3662 4625
3671 4017
3671 4585
3673 3700
3673 4336
3677 4174
3680 4401
3687 4855
3689 3973
3689 4278
3690 4063
3691 4466
3694 4321
3695 3739
3699 3915
3701 3821
3701 3890
3702 4079
3702 4698
3703 4328
3705 4002
3708 4662
3710 4571
3711 4444
3712 3856
3712 4851
3712 4870
3713 4954
3717 3923
3719 3880
3720 4782
3725 4438
3729 3837
3733 4017
3733 4690
3735 4092
3745 4604
3750 4247
3753 3762
3754 4292
3754 4758
3756 4153
3761 4476
3761 4519
3763 4049
3767 4403
3771 4362
3772 4491
3776 4763
3778 4984
3786 3882
3786 4060
3786 4358
3791 4264
3794 4895
3795 3860
3795 4523
3803 3997
3810 4718
3812 4934
3823 4209
3829 4074
3830 4707
3836 3878
3836 4678
3839 3916
3841 4973
3843 4565
3844 4317
3846 4271
3847 4606
3865 3998
3866 3882
3866 4841
3871 4614
3879 3966
3879 4284
3880 3894
3880 4881
3882 4652
3884 4327
3886 4014
3899 3915
3900 4603
3900 4605
3909 4377
3915 4917
3925 4977
3927 3950
3927 4978
3930 4172
3935 4773
3935 4836
3945 4122
3946 4783
3947 4379
3948 4598
3951 4706
3953 4602
3961 4377
3961 4412
3964 4031
3965 4855
3969 4000
3972 4044
3974 3994
3974 4256
3974 4443
3983 4138
4006 4482
4006 4640
4011 4575
4015 4765
4019 4708
4024 4114
4025 4453
4031 4840
4032 4704
4033 4733
4039 4497
4042 4058
4044 4054
4046 4999
4059 4985
4060 4243
4062 4926
4065 4194
4067 4829
4069 4236
4071 4371
4072 4775
4076 4971
4077 4424
4098 4778
4099 4677
4100 4996
4102 4276
4114 4450
4115 4977
4121 4495
4121 4991
4127 4607
4131 4687
4131 4944
4133 4556
4135 4321
4140 4919
4142 4318
4142 4760
4149 4306
4152 4970
4156 4281
4160 4654
4168 4545
4174 4580
4176 4428
4188 4629
4196 4333
4204 4221
4215 4564
4228 4574
4236 4331
4238 4795
4240 4562
4249 4747
4262 4645
4265 4983
4272 4318
4278 4888
4282 4834
4288 4713
4301 4537
4301 4856
4314 4364
4314 4599
4314 4885
4317 4692
4319 4367
4328 4581
4330 4340
4342 4578
4345 4746
4346 4357
4352 4744
4356 4383
4363 4392
4368 4832
4383 4836
4386 4646
4395 4584
4395 4651
4399 4541
4421 4543
4426 4958
4427 4686
4436 4499
4438 4729
4442 4811
4444 4559
4452 4787
4463 4950
4468 4520
4470 4525
4484 4757
4505 4764
4512 4537
4533 4866
4539 4615
4545 4750
4548 4941
4562 4749
4566 4732
4571 4853
4620 4689
4632 4871
4687 4931
4698 4974
4720 4792
4733 4986
4761 4876
4767 4867
4780 4793
4802 4804
4810 4843
4823 4865
4858 4901
4913 4972
4934 4939
