0 1
0 2
0 3
0 5
0 6
0 8
0 13
0 20
0 22
0 29
0 30
0 34
0 38
0 42
0 56
0 57
0 62
0 91
1 2
1 4
1 5
1 11
1 18
1 24
1 25
1 26
1 50
1 73
2 3
2 8
2 10
2 23
2 39
2 44
2 49
2 67
2 85
3 4
3 7
3 12
3 27
3 32
3 52
3 57
3 75
3 84
3 89
3 96
4 14
4 41
4 77
5 6
5 7
5 9
5 15
5 27
5 63
5 68
5 69
5 81
5 86
5 92
6 9
6 22
6 36
6 55
7 10
7 12
7 13
7 19
7 36
7 38
7 42
7 55
7 65
7 70
7 83
7 84
7 90
8 16
8 18
8 19
8 20
8 25
8 35
8 45
8 67
8 82
8 91
8 94
9 15
9 75
9 98
10 11
10 14
10 31
11 17
11 60
11 64
11 72
11 73
11 94
12 92
13 16
13 34
13 48
13 61
13 65
14 24
14 37
14 44
15 17
15 28
15 43
15 63
15 93
15 96
15 98
16 21
16 86
17 45
17 53
17 58
17 61
17 64
17 66
17 76
17 83
17 89
18 40
18 46
18 47
18 50
18 54
18 60
18 80
18 81
19 21
19 33
19 48
19 51
19 74
20 88
21 23
21 29
21 37
21 54
21 95
22 28
22 30
22 31
22 33
22 49
22 52
22 74
23 26
24 40
24 43
24 80
24 95
25 32
25 39
25 71
27 69
32 56
32 68
32 72
32 77
32 79
33 35
33 46
33 47
33 66
33 79
35 71
35 82
36 58
38 41
40 53
40 90
41 59
41 88
42 78
45 51
47 85
48 62
53 59
54 93
54 99
57 87
61 97
67 70
67 99
68 76
68 78
72 87
88 97
